0,0
0.354004,2.26757e-05
0.463989,4.53515e-05
0.307617,6.80272e-05
0.102966,9.07029e-05
0.107635,0.000113379
0.3815,0.000136054
0.730743,0.00015873
0.883942,0.000181406
0.739502,0.000204082
0.457764,0.000226757
0.313721,0.000249433
0.44519,0.000272109
0.72644,0.000294785
0.883453,0.00031746
0.744934,0.000340136
0.399567,0.000362812
0.115631,0.000385488
0.0966492,0.000408163
0.296082,0.000430839
0.461456,0.000453515
0.366608,0.00047619
0.0201721,0.000498866
-0.340698,0.000521542
-0.46579,0.000544218
-0.319,0.000566893
-0.109894,0.000589569
-0.100342,0.000612245
-0.363647,0.000634921
-0.716003,0.000657596
-0.883636,0.000680272
-0.752197,0.000702948
-0.470703,0.000725624
-0.314484,0.000748299
-0.433044,0.000770975
-0.713043,0.000793651
-0.882172,0.000816327
-0.758575,0.000839002
-0.417786,0.000861678
-0.12439,0.000884354
-0.0908813,0.000907029
-0.284485,0.000929705
-0.458252,0.000952381
-0.378571,0.000975057
-0.0403442,0.000997732
0.326782,0.00102041
0.466858,0.00104308
0.330231,0.00106576
0.11734,0.00108844
0.093811,0.00111111
0.346039,0.00113379
0.700775,0.00115646
0.882507,0.00117914
0.764496,0.00120181
0.483978,0.00122449
0.315979,0.00124717
0.421326,0.00126984
0.699341,0.00129252
0.880096,0.00131519
0.771637,0.00133787
0.436127,0.00136054
0.13382,0.00138322
0.0857544,0.0014059
0.272797,0.00142857
0.454315,0.00145125
0.389801,0.00147392
0.0603943,0.0014966
-0.312225,0.00151927
-0.467163,0.00154195
-0.341248,0.00156463
-0.125305,0.0015873
-0.0880432,0.00160998
-0.328735,0.00163265
-0.685089,0.00165533
-0.880554,0.001678
-0.776337,0.00170068
-0.497559,0.00172336
-0.318237,0.00174603
-0.410095,0.00176871
-0.685394,0.00179138
-0.877228,0.00181406
-0.784058,0.00183673
-0.45459,0.00185941
-0.143951,0.00188209
-0.0812988,0.00190476
-0.261139,0.00192744
-0.449738,0.00195011
-0.40033,0.00197279
-0.0803528,0.00199546
0.297089,0.00201814
0.466705,0.00204082
0.35202,0.00206349
0.133759,0.00208617
0.0830078,0.00210884
0.311737,0.00213152
0.668945,0.00215419
0.877808,0.00217687
0.78772,0.00219955
0.511444,0.00222222
0.321198,0.0022449
0.399353,0.00226757
0.671204,0.00229025
0.873596,0.00231293
0.795868,0.0023356
0.473083,0.00235828
0.154755,0.00238095
0.0774536,0.00240363
0.249481,0.0024263
0.444519,0.00244898
0.410095,0.00247166
0.100159,0.00249433
-0.281403,0.00251701
-0.465485,0.00253968
-0.362518,0.00256236
-0.14267,0.00258503
-0.0787354,0.00260771
-0.295074,0.00263039
-0.652435,0.00265306
-0.874237,0.00267574
-0.798584,0.00269841
-0.525543,0.00272109
-0.324921,0.00274376
-0.38913,0.00276644
-0.65683,0.00278912
-0.869202,0.00281179
-0.806976,0.00283447
-0.491577,0.00285714
-0.166229,0.00287982
-0.0743103,0.00290249
-0.237885,0.00292517
-0.43866,0.00294785
-0.419128,0.00297052
-0.119751,0.0029932
0.265167,0.00301587
0.463501,0.00303855
0.372681,0.00306122
0.152008,0.0030839
0.0752563,0.00310658
0.278809,0.00312925
0.635529,0.00315193
0.869873,0.0031746
0.808929,0.00319728
0.539825,0.00321995
0.329376,0.00324263
0.379486,0.00326531
0.642334,0.00328798
0.864075,0.00331066
0.817444,0.00333333
0.510071,0.00335601
0.178314,0.00337868
0.0718689,0.00340136
0.22641,0.00342404
0.43219,0.00344671
0.427429,0.00346939
0.13913,0.00349206
-0.248413,0.00351474
-0.460693,0.00353742
-0.382507,0.00356009
-0.161743,0.00358277
-0.0725098,0.00360544
-0.262939,0.00362812
-0.618286,0.00365079
-0.864685,0.00367347
-0.818695,0.00369615
-0.554291,0.00371882
-0.334534,0.0037415
-0.370422,0.00376417
-0.627686,0.00378685
-0.858215,0.00380952
-0.827179,0.0038322
-0.528503,0.00385488
-0.19104,0.00387755
-0.0701294,0.00390023
-0.215057,0.0039229
-0.425171,0.00394558
-0.434937,0.00396825
-0.158234,0.00399093
0.231201,0.00401361
0.457123,0.00403628
0.391937,0.00405896
0.171814,0.00408163
0.0705261,0.00410431
0.247559,0.00412698
0.600769,0.00414966
0.858734,0.00417234
0.827881,0.00419501
0.568878,0.00421769
0.340363,0.00424036
0.361938,0.00426304
0.613007,0.00428571
0.851624,0.00430839
0.836182,0.00433107
0.546814,0.00435374
0.204346,0.00437642
0.0691223,0.00439909
0.203888,0.00442177
0.417603,0.00444444
0.44165,0.00446712
0.177002,0.0044898
-0.213531,0.00451247
-0.452759,0.00453515
-0.40097,0.00455782
-0.18222,0.0045805
-0.0693054,0.00460317
-0.232635,0.00462585
-0.583008,0.00464853
-0.85199,0.0046712
-0.836456,0.00469388
-0.583557,0.00471655
-0.346893,0.00473923
-0.354095,0.0047619
-0.598267,0.00478458
-0.844391,0.00480726
-0.844452,0.00482993
-0.565002,0.00485261
-0.218231,0.00487528
-0.0688477,0.00489796
-0.192932,0.00492063
-0.409515,0.00494331
-0.447601,0.00496599
-0.195465,0.00498866
0.195465,0.00501134
0.447601,0.00503401
0.409515,0.00505669
0.192932,0.00507936
0.0688477,0.00510204
0.218231,0.00512472
0.565002,0.00514739
0.844452,0.00517007
0.844391,0.00519274
0.598267,0.00521542
0.354095,0.0052381
0.346893,0.00526077
0.583557,0.00528345
0.836456,0.00530612
0.85199,0.0053288
0.583008,0.00535147
0.232635,0.00537415
0.0693054,0.00539683
0.18222,0.0054195
0.40097,0.00544218
0.452759,0.00546485
0.213531,0.00548753
-0.177002,0.0055102
-0.44165,0.00553288
-0.417603,0.00555556
-0.203888,0.00557823
-0.0691223,0.00560091
-0.204346,0.00562358
-0.546814,0.00564626
-0.836182,0.00566893
-0.851624,0.00569161
-0.613007,0.00571429
-0.361938,0.00573696
-0.340363,0.00575964
-0.568878,0.00578231
-0.827881,0.00580499
-0.858734,0.00582766
-0.600769,0.00585034
-0.247559,0.00587302
-0.0705261,0.00589569
-0.171814,0.00591837
-0.391937,0.00594104
-0.457123,0.00596372
-0.231201,0.00598639
0.158234,0.00600907
0.434937,0.00603175
0.425171,0.00605442
0.215057,0.0060771
0.0701294,0.00609977
0.19104,0.00612245
0.528503,0.00614512
0.827179,0.0061678
0.858215,0.00619048
0.627686,0.00621315
0.370422,0.00623583
0.334534,0.0062585
0.554291,0.00628118
0.818695,0.00630385
0.864685,0.00632653
0.618286,0.00634921
0.262939,0.00637188
0.0725098,0.00639456
0.161743,0.00641723
0.382507,0.00643991
0.460693,0.00646259
0.248413,0.00648526
-0.13913,0.00650794
-0.427429,0.00653061
-0.43219,0.00655329
-0.22641,0.00657596
-0.0718689,0.00659864
-0.178314,0.00662132
-0.510071,0.00664399
-0.817444,0.00666667
-0.864075,0.00668934
-0.642334,0.00671202
-0.379486,0.00673469
-0.329376,0.00675737
-0.539825,0.00678005
-0.808929,0.00680272
-0.869873,0.0068254
-0.635529,0.00684807
-0.278809,0.00687075
-0.0752563,0.00689342
-0.152008,0.0069161
-0.372681,0.00693878
-0.463501,0.00696145
-0.265167,0.00698413
0.119751,0.0070068
0.419128,0.00702948
0.43866,0.00705215
0.237885,0.00707483
0.0743103,0.00709751
0.166229,0.00712018
0.491577,0.00714286
0.806976,0.00716553
0.869202,0.00718821
0.65683,0.00721088
0.38913,0.00723356
0.324921,0.00725624
0.525543,0.00727891
0.798584,0.00730159
0.874237,0.00732426
0.652435,0.00734694
0.295074,0.00736961
0.0787354,0.00739229
0.14267,0.00741497
0.362518,0.00743764
0.465485,0.00746032
0.281403,0.00748299
-0.100159,0.00750567
-0.410095,0.00752834
-0.444519,0.00755102
-0.249481,0.0075737
-0.0774536,0.00759637
-0.154755,0.00761905
-0.473083,0.00764172
-0.795868,0.0076644
-0.873596,0.00768707
-0.671204,0.00770975
-0.399353,0.00773243
-0.321198,0.0077551
-0.511444,0.00777778
-0.78772,0.00780045
-0.877808,0.00782313
-0.668945,0.00784581
-0.311737,0.00786848
-0.0830078,0.00789116
-0.133759,0.00791383
-0.35202,0.00793651
-0.466705,0.00795918
-0.297089,0.00798186
0.0803528,0.00800453
0.40033,0.00802721
0.449738,0.00804989
0.261139,0.00807256
0.0812988,0.00809524
0.143951,0.00811791
0.45459,0.00814059
0.784058,0.00816326
0.877228,0.00818594
0.685394,0.00820862
0.410095,0.00823129
0.318237,0.00825397
0.497559,0.00827664
0.776337,0.00829932
0.880554,0.008322
0.685089,0.00834467
0.328735,0.00836735
0.0880432,0.00839002
0.125305,0.0084127
0.341248,0.00843537
0.467163,0.00845805
0.312225,0.00848073
-0.0603943,0.0085034
-0.389801,0.00852608
-0.454315,0.00854875
-0.272797,0.00857143
-0.0857544,0.0085941
-0.13382,0.00861678
-0.436127,0.00863946
-0.771637,0.00866213
-0.880096,0.00868481
-0.699341,0.00870748
-0.421326,0.00873016
-0.315979,0.00875283
-0.483978,0.00877551
-0.764496,0.00879819
-0.882507,0.00882086
-0.700775,0.00884354
-0.346039,0.00886621
-0.093811,0.00888889
-0.11734,0.00891156
-0.330231,0.00893424
-0.466858,0.00895692
-0.326782,0.00897959
0.0403442,0.00900227
0.378571,0.00902494
0.458252,0.00904762
0.284485,0.00907029
0.0908813,0.00909297
0.12439,0.00911565
0.417786,0.00913832
0.758575,0.009161
0.882172,0.00918367
0.713043,0.00920635
0.433044,0.00922902
0.314484,0.0092517
0.470703,0.00927438
0.752197,0.00929705
0.883636,0.00931973
0.716003,0.0093424
0.363647,0.00936508
0.100342,0.00938775
0.109894,0.00941043
0.319,0.00943311
0.46579,0.00945578
0.340698,0.00947846
-0.0201721,0.00950113
-0.366608,0.00952381
-0.461456,0.00954648
-0.296082,0.00956916
-0.0966492,0.00959184
-0.115631,0.00961451
-0.399567,0.00963719
-0.744934,0.00965986
-0.883453,0.00968254
-0.72644,0.00970522
-0.44519,0.00972789
-0.313721,0.00975057
-0.457764,0.00977324
-0.739502,0.00979592
-0.883942,0.00981859
-0.730743,0.00984127
-0.3815,0.00986395
-0.107635,0.00988662
-0.102966,0.0099093
-0.307617,0.00993197
-0.463989,0.00995465
-0.354004,0.00997732
0,0.01
0.354004,0.0100227
0.463989,0.0100454
0.307617,0.010068
0.102966,0.0100907
0.107635,0.0101134
0.3815,0.0101361
0.730743,0.0101587
0.883942,0.0101814
0.739502,0.0102041
0.457764,0.0102268
0.313721,0.0102494
0.44519,0.0102721
0.72644,0.0102948
0.883453,0.0103175
0.744934,0.0103401
0.399567,0.0103628
0.115631,0.0103855
0.0966492,0.0104082
0.296082,0.0104308
0.461456,0.0104535
0.366608,0.0104762
0.0201721,0.0104989
-0.340698,0.0105215
-0.46579,0.0105442
-0.319,0.0105669
-0.109894,0.0105896
-0.100342,0.0106122
-0.363647,0.0106349
-0.716003,0.0106576
-0.883636,0.0106803
-0.752197,0.0107029
-0.470703,0.0107256
-0.314484,0.0107483
-0.433044,0.010771
-0.713043,0.0107937
-0.882172,0.0108163
-0.758575,0.010839
-0.417786,0.0108617
-0.12439,0.0108844
-0.0908813,0.010907
-0.284485,0.0109297
-0.458252,0.0109524
-0.378571,0.0109751
-0.0403442,0.0109977
0.326782,0.0110204
0.466858,0.0110431
0.330231,0.0110658
0.11734,0.0110884
0.093811,0.0111111
0.346039,0.0111338
0.700775,0.0111565
0.882507,0.0111791
0.764496,0.0112018
0.483978,0.0112245
0.315979,0.0112472
0.421326,0.0112698
0.699341,0.0112925
0.880096,0.0113152
0.771637,0.0113379
0.436127,0.0113605
0.13382,0.0113832
0.0857544,0.0114059
0.272797,0.0114286
0.454315,0.0114512
0.389801,0.0114739
0.0603943,0.0114966
-0.312225,0.0115193
-0.467163,0.011542
-0.341248,0.0115646
-0.125305,0.0115873
-0.0880432,0.01161
-0.328735,0.0116327
-0.685089,0.0116553
-0.880554,0.011678
-0.776337,0.0117007
-0.497559,0.0117234
-0.318237,0.011746
-0.410095,0.0117687
-0.685394,0.0117914
-0.877228,0.0118141
-0.784058,0.0118367
-0.45459,0.0118594
-0.143951,0.0118821
-0.0812988,0.0119048
-0.261139,0.0119274
-0.449738,0.0119501
-0.40033,0.0119728
-0.0803528,0.0119955
0.297089,0.0120181
0.466705,0.0120408
0.35202,0.0120635
0.133759,0.0120862
0.0830078,0.0121088
0.311737,0.0121315
0.668945,0.0121542
0.877808,0.0121769
0.78772,0.0121995
0.511444,0.0122222
0.321198,0.0122449
0.399353,0.0122676
0.671204,0.0122902
0.873596,0.0123129
0.795868,0.0123356
0.473083,0.0123583
0.154755,0.012381
0.0774536,0.0124036
0.249481,0.0124263
0.444519,0.012449
0.410095,0.0124717
0.100159,0.0124943
-0.281403,0.012517
-0.465485,0.0125397
-0.362518,0.0125624
-0.14267,0.012585
-0.0787354,0.0126077
-0.295074,0.0126304
-0.652435,0.0126531
-0.874237,0.0126757
-0.798584,0.0126984
-0.525543,0.0127211
-0.324921,0.0127438
-0.38913,0.0127664
-0.65683,0.0127891
-0.869202,0.0128118
-0.806976,0.0128345
-0.491577,0.0128571
-0.166229,0.0128798
-0.0743103,0.0129025
-0.237885,0.0129252
-0.43866,0.0129478
-0.419128,0.0129705
-0.119751,0.0129932
0.265167,0.0130159
0.463501,0.0130385
0.372681,0.0130612
0.152008,0.0130839
0.0752563,0.0131066
0.278809,0.0131293
0.635529,0.0131519
0.869873,0.0131746
0.808929,0.0131973
0.539825,0.01322
0.329376,0.0132426
0.379486,0.0132653
0.642334,0.013288
0.864075,0.0133107
0.817444,0.0133333
0.510071,0.013356
0.178314,0.0133787
0.0718689,0.0134014
0.22641,0.013424
0.43219,0.0134467
0.427429,0.0134694
0.13913,0.0134921
-0.248413,0.0135147
-0.460693,0.0135374
-0.382507,0.0135601
-0.161743,0.0135828
-0.0725098,0.0136054
-0.262939,0.0136281
-0.618286,0.0136508
-0.864685,0.0136735
-0.818695,0.0136961
-0.554291,0.0137188
-0.334534,0.0137415
-0.370422,0.0137642
-0.627686,0.0137868
-0.858215,0.0138095
-0.827179,0.0138322
-0.528503,0.0138549
-0.19104,0.0138776
-0.0701294,0.0139002
-0.215057,0.0139229
-0.425171,0.0139456
-0.434937,0.0139683
-0.158234,0.0139909
0.231201,0.0140136
0.457123,0.0140363
0.391937,0.014059
0.171814,0.0140816
0.0705261,0.0141043
0.247559,0.014127
0.600769,0.0141497
0.858734,0.0141723
0.827881,0.014195
0.568878,0.0142177
0.340363,0.0142404
0.361938,0.014263
0.613007,0.0142857
0.851624,0.0143084
0.836182,0.0143311
0.546814,0.0143537
0.204346,0.0143764
0.0691223,0.0143991
0.203888,0.0144218
0.417603,0.0144444
0.44165,0.0144671
0.177002,0.0144898
-0.213531,0.0145125
-0.452759,0.0145351
-0.40097,0.0145578
-0.18222,0.0145805
-0.0693054,0.0146032
-0.232635,0.0146259
-0.583008,0.0146485
-0.85199,0.0146712
-0.836456,0.0146939
-0.583557,0.0147166
-0.346893,0.0147392
-0.354095,0.0147619
-0.598267,0.0147846
-0.844391,0.0148073
-0.844452,0.0148299
-0.565002,0.0148526
-0.218231,0.0148753
-0.0688477,0.014898
-0.192932,0.0149206
-0.409515,0.0149433
-0.447601,0.014966
-0.195465,0.0149887
0.195465,0.0150113
0.447601,0.015034
0.409515,0.0150567
0.192932,0.0150794
0.0688477,0.015102
0.218231,0.0151247
0.565002,0.0151474
0.844452,0.0151701
0.844391,0.0151927
0.598267,0.0152154
0.354095,0.0152381
0.346893,0.0152608
0.583557,0.0152834
0.836456,0.0153061
0.85199,0.0153288
0.583008,0.0153515
0.232635,0.0153741
0.0693054,0.0153968
0.18222,0.0154195
0.40097,0.0154422
0.452759,0.0154649
0.213531,0.0154875
-0.177002,0.0155102
-0.44165,0.0155329
-0.417603,0.0155556
-0.203888,0.0155782
-0.0691223,0.0156009
-0.204346,0.0156236
-0.546814,0.0156463
-0.836182,0.0156689
-0.851624,0.0156916
-0.613007,0.0157143
-0.361938,0.015737
-0.340363,0.0157596
-0.568878,0.0157823
-0.827881,0.015805
-0.858734,0.0158277
-0.600769,0.0158503
-0.247559,0.015873
-0.0705261,0.0158957
-0.171814,0.0159184
-0.391937,0.015941
-0.457123,0.0159637
-0.231201,0.0159864
0.158234,0.0160091
0.434937,0.0160317
0.425171,0.0160544
0.215057,0.0160771
0.0701294,0.0160998
0.19104,0.0161224
0.528503,0.0161451
0.827179,0.0161678
0.858215,0.0161905
0.627686,0.0162132
0.370422,0.0162358
0.334534,0.0162585
0.554291,0.0162812
0.818695,0.0163039
0.864685,0.0163265
0.618286,0.0163492
0.262939,0.0163719
0.0725098,0.0163946
0.161743,0.0164172
0.382507,0.0164399
0.460693,0.0164626
0.248413,0.0164853
-0.13913,0.0165079
-0.427429,0.0165306
-0.43219,0.0165533
-0.22641,0.016576
-0.0718689,0.0165986
-0.178314,0.0166213
-0.510071,0.016644
-0.817444,0.0166667
-0.864075,0.0166893
-0.642334,0.016712
-0.379486,0.0167347
-0.329376,0.0167574
-0.539825,0.01678
-0.808929,0.0168027
-0.869873,0.0168254
-0.635529,0.0168481
-0.278809,0.0168707
-0.0752563,0.0168934
-0.152008,0.0169161
-0.372681,0.0169388
-0.463501,0.0169615
-0.265167,0.0169841
0.119751,0.0170068
0.419128,0.0170295
0.43866,0.0170522
0.237885,0.0170748
0.0743103,0.0170975
0.166229,0.0171202
0.491577,0.0171429
0.806976,0.0171655
0.869202,0.0171882
0.65683,0.0172109
0.38913,0.0172336
0.324921,0.0172562
0.525543,0.0172789
0.798584,0.0173016
0.874237,0.0173243
0.652435,0.0173469
0.295074,0.0173696
0.0787354,0.0173923
0.14267,0.017415
0.362518,0.0174376
0.465485,0.0174603
0.281403,0.017483
-0.100159,0.0175057
-0.410095,0.0175283
-0.444519,0.017551
-0.249481,0.0175737
-0.0774536,0.0175964
-0.154755,0.017619
-0.473083,0.0176417
-0.795868,0.0176644
-0.873596,0.0176871
-0.671204,0.0177098
-0.399353,0.0177324
-0.321198,0.0177551
-0.511444,0.0177778
-0.78772,0.0178005
-0.877808,0.0178231
-0.668945,0.0178458
-0.311737,0.0178685
-0.0830078,0.0178912
-0.133759,0.0179138
-0.35202,0.0179365
-0.466705,0.0179592
-0.297089,0.0179819
0.0803528,0.0180045
0.40033,0.0180272
0.449738,0.0180499
0.261139,0.0180726
0.0812988,0.0180952
0.143951,0.0181179
0.45459,0.0181406
0.784058,0.0181633
0.877228,0.0181859
0.685394,0.0182086
0.410095,0.0182313
0.318237,0.018254
0.497559,0.0182766
0.776337,0.0182993
0.880554,0.018322
0.685089,0.0183447
0.328735,0.0183673
0.0880432,0.01839
0.125305,0.0184127
0.341248,0.0184354
0.467163,0.018458
0.312225,0.0184807
-0.0603943,0.0185034
-0.389801,0.0185261
-0.454315,0.0185488
-0.272797,0.0185714
-0.0857544,0.0185941
-0.13382,0.0186168
-0.436127,0.0186395
-0.771637,0.0186621
-0.880096,0.0186848
-0.699341,0.0187075
-0.421326,0.0187302
-0.315979,0.0187528
-0.483978,0.0187755
-0.764496,0.0187982
-0.882507,0.0188209
-0.700775,0.0188435
-0.346039,0.0188662
-0.093811,0.0188889
-0.11734,0.0189116
-0.330231,0.0189342
-0.466858,0.0189569
-0.326782,0.0189796
0.0403442,0.0190023
0.378571,0.0190249
0.458252,0.0190476
0.284485,0.0190703
0.0908813,0.019093
0.12439,0.0191156
0.417786,0.0191383
0.758575,0.019161
0.882172,0.0191837
0.713043,0.0192063
0.433044,0.019229
0.314484,0.0192517
0.470703,0.0192744
0.752197,0.0192971
0.883636,0.0193197
0.716003,0.0193424
0.363647,0.0193651
0.100342,0.0193878
0.109894,0.0194104
0.319,0.0194331
0.46579,0.0194558
0.340698,0.0194785
-0.0201721,0.0195011
-0.366608,0.0195238
-0.461456,0.0195465
-0.296082,0.0195692
-0.0966492,0.0195918
-0.115631,0.0196145
-0.399567,0.0196372
-0.744934,0.0196599
-0.883453,0.0196825
-0.72644,0.0197052
-0.44519,0.0197279
-0.313721,0.0197506
-0.457764,0.0197732
-0.739502,0.0197959
-0.883942,0.0198186
-0.730743,0.0198413
-0.3815,0.0198639
-0.107635,0.0198866
-0.102966,0.0199093
-0.307617,0.019932
-0.463989,0.0199546
-0.354004,0.0199773
0,0.02
0.354004,0.0200227
0.463989,0.0200454
0.307617,0.020068
0.102966,0.0200907
0.107635,0.0201134
0.3815,0.0201361
0.730743,0.0201587
0.883942,0.0201814
0.739502,0.0202041
0.457764,0.0202268
0.313721,0.0202494
0.44519,0.0202721
0.72644,0.0202948
0.883453,0.0203175
0.744934,0.0203401
0.399567,0.0203628
0.115631,0.0203855
0.0966492,0.0204082
0.296082,0.0204308
0.461456,0.0204535
0.366608,0.0204762
0.0201721,0.0204989
-0.340698,0.0205215
-0.46579,0.0205442
-0.319,0.0205669
-0.109894,0.0205896
-0.100342,0.0206122
-0.363647,0.0206349
-0.716003,0.0206576
-0.883636,0.0206803
-0.752197,0.0207029
-0.470703,0.0207256
-0.314484,0.0207483
-0.433044,0.020771
-0.713043,0.0207937
-0.882172,0.0208163
-0.758575,0.020839
-0.417786,0.0208617
-0.12439,0.0208844
-0.0908813,0.020907
-0.284485,0.0209297
-0.458252,0.0209524
-0.378571,0.0209751
-0.0403442,0.0209977
0.326782,0.0210204
0.466858,0.0210431
0.330231,0.0210658
0.11734,0.0210884
0.093811,0.0211111
0.346039,0.0211338
0.700775,0.0211565
0.882507,0.0211791
0.764496,0.0212018
0.483978,0.0212245
0.315979,0.0212472
0.421326,0.0212698
0.699341,0.0212925
0.880096,0.0213152
0.771637,0.0213379
0.436127,0.0213605
0.13382,0.0213832
0.0857544,0.0214059
0.272797,0.0214286
0.454315,0.0214512
0.389801,0.0214739
0.0603943,0.0214966
-0.312225,0.0215193
-0.467163,0.0215419
-0.341248,0.0215646
-0.125305,0.0215873
-0.0880432,0.02161
-0.328735,0.0216327
-0.685089,0.0216553
-0.880554,0.021678
-0.776337,0.0217007
-0.497559,0.0217234
-0.318237,0.021746
-0.410095,0.0217687
-0.685394,0.0217914
-0.877228,0.0218141
-0.784058,0.0218367
-0.45459,0.0218594
-0.143951,0.0218821
-0.0812988,0.0219048
-0.261139,0.0219274
-0.449738,0.0219501
-0.40033,0.0219728
-0.0803528,0.0219955
0.297089,0.0220181
0.466705,0.0220408
0.35202,0.0220635
0.133759,0.0220862
0.0830078,0.0221088
0.311737,0.0221315
0.668945,0.0221542
0.877808,0.0221769
0.78772,0.0221995
0.511444,0.0222222
0.321198,0.0222449
0.399353,0.0222676
0.671204,0.0222903
0.873596,0.0223129
0.795868,0.0223356
0.473083,0.0223583
0.154755,0.022381
0.0774536,0.0224036
0.249481,0.0224263
0.444519,0.022449
0.410095,0.0224717
0.100159,0.0224943
-0.281403,0.022517
-0.465485,0.0225397
-0.362518,0.0225624
-0.14267,0.022585
-0.0787354,0.0226077
-0.295074,0.0226304
-0.652435,0.0226531
-0.874237,0.0226757
-0.798584,0.0226984
-0.525543,0.0227211
-0.324921,0.0227438
-0.38913,0.0227664
-0.65683,0.0227891
-0.869202,0.0228118
-0.806976,0.0228345
-0.491577,0.0228571
-0.166229,0.0228798
-0.0743103,0.0229025
-0.237885,0.0229252
-0.43866,0.0229478
-0.419128,0.0229705
-0.119751,0.0229932
0.265167,0.0230159
0.463501,0.0230385
0.372681,0.0230612
0.152008,0.0230839
0.0752563,0.0231066
0.278809,0.0231293
0.635529,0.0231519
0.869873,0.0231746
0.808929,0.0231973
0.539825,0.02322
0.329376,0.0232426
0.379486,0.0232653
0.642334,0.023288
0.864075,0.0233107
0.817444,0.0233333
0.510071,0.023356
0.178314,0.0233787
0.0718689,0.0234014
0.22641,0.023424
0.43219,0.0234467
0.427429,0.0234694
0.13913,0.0234921
-0.248413,0.0235147
-0.460693,0.0235374
-0.382507,0.0235601
-0.161743,0.0235828
-0.0725098,0.0236054
-0.262939,0.0236281
-0.618286,0.0236508
-0.864685,0.0236735
-0.818695,0.0236961
-0.554291,0.0237188
-0.334534,0.0237415
-0.370422,0.0237642
-0.627686,0.0237868
-0.858215,0.0238095
-0.827179,0.0238322
-0.528503,0.0238549
-0.19104,0.0238776
-0.0701294,0.0239002
-0.215057,0.0239229
-0.425171,0.0239456
-0.434937,0.0239683
-0.158234,0.0239909
0.231201,0.0240136
0.457123,0.0240363
0.391937,0.024059
0.171814,0.0240816
0.0705261,0.0241043
0.247559,0.024127
0.600769,0.0241497
0.858734,0.0241723
0.827881,0.024195
0.568878,0.0242177
0.340363,0.0242404
0.361938,0.024263
0.613007,0.0242857
0.851624,0.0243084
0.836182,0.0243311
0.546814,0.0243537
0.204346,0.0243764
0.0691223,0.0243991
0.203888,0.0244218
0.417603,0.0244444
0.44165,0.0244671
0.177002,0.0244898
-0.213531,0.0245125
-0.452759,0.0245351
-0.40097,0.0245578
-0.18222,0.0245805
-0.0693054,0.0246032
-0.232635,0.0246259
-0.583008,0.0246485
-0.85199,0.0246712
-0.836456,0.0246939
-0.583557,0.0247166
-0.346893,0.0247392
-0.354095,0.0247619
-0.598267,0.0247846
-0.844391,0.0248073
-0.844452,0.0248299
-0.565002,0.0248526
-0.218231,0.0248753
-0.0688477,0.024898
-0.192932,0.0249206
-0.409515,0.0249433
-0.447601,0.024966
-0.195465,0.0249887
0.195465,0.0250113
0.447601,0.025034
0.409515,0.0250567
0.192932,0.0250794
0.0688477,0.025102
0.218231,0.0251247
0.565002,0.0251474
0.844452,0.0251701
0.844391,0.0251927
0.598267,0.0252154
0.354095,0.0252381
0.346893,0.0252608
0.583557,0.0252834
0.836456,0.0253061
0.85199,0.0253288
0.583008,0.0253515
0.232635,0.0253741
0.0693054,0.0253968
0.18222,0.0254195
0.40097,0.0254422
0.452759,0.0254649
0.213531,0.0254875
-0.177002,0.0255102
-0.44165,0.0255329
-0.417603,0.0255556
-0.203888,0.0255782
-0.0691223,0.0256009
-0.204346,0.0256236
-0.546814,0.0256463
-0.836182,0.0256689
-0.851624,0.0256916
-0.613007,0.0257143
-0.361938,0.025737
-0.340363,0.0257596
-0.568878,0.0257823
-0.827881,0.025805
-0.858734,0.0258277
-0.600769,0.0258503
-0.247559,0.025873
-0.0705261,0.0258957
-0.171814,0.0259184
-0.391937,0.025941
-0.457123,0.0259637
-0.231201,0.0259864
0.158234,0.0260091
0.434937,0.0260317
0.425171,0.0260544
0.215057,0.0260771
0.0701294,0.0260998
0.19104,0.0261224
0.528503,0.0261451
0.827179,0.0261678
0.858215,0.0261905
0.627686,0.0262132
0.370422,0.0262358
0.334534,0.0262585
0.554291,0.0262812
0.818695,0.0263039
0.864685,0.0263265
0.618286,0.0263492
0.262939,0.0263719
0.0725098,0.0263946
0.161743,0.0264172
0.382507,0.0264399
0.460693,0.0264626
0.248413,0.0264853
-0.13913,0.0265079
-0.427429,0.0265306
-0.43219,0.0265533
-0.22641,0.026576
-0.0718689,0.0265986
-0.178314,0.0266213
-0.510071,0.026644
-0.817444,0.0266667
-0.864075,0.0266893
-0.642334,0.026712
-0.379486,0.0267347
-0.329376,0.0267574
-0.539825,0.02678
-0.808929,0.0268027
-0.869873,0.0268254
-0.635529,0.0268481
-0.278809,0.0268707
-0.0752563,0.0268934
-0.152008,0.0269161
-0.372681,0.0269388
-0.463501,0.0269615
-0.265167,0.0269841
0.119751,0.0270068
0.419128,0.0270295
0.43866,0.0270522
0.237885,0.0270748
0.0743103,0.0270975
0.166229,0.0271202
0.491577,0.0271429
0.806976,0.0271655
0.869202,0.0271882
0.65683,0.0272109
0.38913,0.0272336
0.324921,0.0272562
0.525543,0.0272789
0.798584,0.0273016
0.874237,0.0273243
0.652435,0.0273469
0.295074,0.0273696
0.0787354,0.0273923
0.14267,0.027415
0.362518,0.0274376
0.465485,0.0274603
0.281403,0.027483
-0.100159,0.0275057
-0.410095,0.0275283
-0.444519,0.027551
-0.249481,0.0275737
-0.0774536,0.0275964
-0.154755,0.027619
-0.473083,0.0276417
-0.795868,0.0276644
-0.873596,0.0276871
-0.671204,0.0277098
-0.399353,0.0277324
-0.321198,0.0277551
-0.511444,0.0277778
-0.78772,0.0278005
-0.877808,0.0278231
-0.668945,0.0278458
-0.311737,0.0278685
-0.0830078,0.0278912
-0.133759,0.0279138
-0.35202,0.0279365
-0.466705,0.0279592
-0.297089,0.0279819
0.0803528,0.0280045
0.40033,0.0280272
0.449738,0.0280499
0.261139,0.0280726
0.0812988,0.0280952
0.143951,0.0281179
0.45459,0.0281406
0.784058,0.0281633
0.877228,0.0281859
0.685394,0.0282086
0.410095,0.0282313
0.318237,0.028254
0.497559,0.0282766
0.776337,0.0282993
0.880554,0.028322
0.685089,0.0283447
0.328735,0.0283673
0.0880432,0.02839
0.125305,0.0284127
0.341248,0.0284354
0.467163,0.028458
0.312225,0.0284807
-0.0603943,0.0285034
-0.389801,0.0285261
-0.454315,0.0285488
-0.272797,0.0285714
-0.0857544,0.0285941
-0.13382,0.0286168
-0.436127,0.0286395
-0.771637,0.0286621
-0.880096,0.0286848
-0.699341,0.0287075
-0.421326,0.0287302
-0.315979,0.0287528
-0.483978,0.0287755
-0.764496,0.0287982
-0.882507,0.0288209
-0.700775,0.0288435
-0.346039,0.0288662
-0.093811,0.0288889
-0.11734,0.0289116
-0.330231,0.0289342
-0.466858,0.0289569
-0.326782,0.0289796
0.0403442,0.0290023
0.378571,0.0290249
0.458252,0.0290476
0.284485,0.0290703
0.0908813,0.029093
0.12439,0.0291156
0.417786,0.0291383
0.758575,0.029161
0.882172,0.0291837
0.713043,0.0292063
0.433044,0.029229
0.314484,0.0292517
0.470703,0.0292744
0.752197,0.0292971
0.883636,0.0293197
0.716003,0.0293424
0.363647,0.0293651
0.100342,0.0293878
0.109894,0.0294104
0.319,0.0294331
0.46579,0.0294558
0.340698,0.0294785
-0.0201721,0.0295011
-0.366608,0.0295238
-0.461456,0.0295465
-0.296082,0.0295692
-0.0966492,0.0295918
-0.115631,0.0296145
-0.399567,0.0296372
-0.744934,0.0296599
-0.883453,0.0296825
-0.72644,0.0297052
-0.44519,0.0297279
-0.313721,0.0297506
-0.457764,0.0297732
-0.739502,0.0297959
-0.883942,0.0298186
-0.730743,0.0298413
-0.3815,0.0298639
-0.107635,0.0298866
-0.102966,0.0299093
-0.307617,0.029932
-0.463989,0.0299546
-0.354004,0.0299773
0,0.03
0.354004,0.0300227
0.463989,0.0300454
0.307617,0.030068
0.102966,0.0300907
0.107635,0.0301134
0.3815,0.0301361
0.730743,0.0301587
0.883942,0.0301814
0.739502,0.0302041
0.457764,0.0302268
0.313721,0.0302494
0.44519,0.0302721
0.72644,0.0302948
0.883453,0.0303175
0.744934,0.0303401
0.399567,0.0303628
0.115631,0.0303855
0.0966492,0.0304082
0.296082,0.0304308
0.461456,0.0304535
0.366608,0.0304762
0.0201721,0.0304989
-0.340698,0.0305215
-0.46579,0.0305442
-0.319,0.0305669
-0.109894,0.0305896
-0.100342,0.0306122
-0.363647,0.0306349
-0.716003,0.0306576
-0.883636,0.0306803
-0.752197,0.0307029
-0.470703,0.0307256
-0.314484,0.0307483
-0.433044,0.030771
-0.713043,0.0307937
-0.882172,0.0308163
-0.758575,0.030839
-0.417786,0.0308617
-0.12439,0.0308844
-0.0908813,0.030907
-0.284485,0.0309297
-0.458252,0.0309524
-0.378571,0.0309751
-0.0403442,0.0309977
0.326782,0.0310204
0.466858,0.0310431
0.330231,0.0310658
0.11734,0.0310884
0.093811,0.0311111
0.346039,0.0311338
0.700775,0.0311565
0.882507,0.0311791
0.764496,0.0312018
0.483978,0.0312245
0.315979,0.0312472
0.421326,0.0312698
0.699341,0.0312925
0.880096,0.0313152
0.771637,0.0313379
0.436127,0.0313605
0.13382,0.0313832
0.0857544,0.0314059
0.272797,0.0314286
0.454315,0.0314512
0.389801,0.0314739
0.0603943,0.0314966
-0.312225,0.0315193
-0.467163,0.031542
-0.341248,0.0315646
-0.125305,0.0315873
-0.0880432,0.03161
-0.328735,0.0316327
-0.685089,0.0316553
-0.880554,0.031678
-0.776337,0.0317007
-0.497559,0.0317234
-0.318237,0.031746
-0.410095,0.0317687
-0.685394,0.0317914
-0.877228,0.0318141
-0.784058,0.0318367
-0.45459,0.0318594
-0.143951,0.0318821
-0.0812988,0.0319048
-0.261139,0.0319274
-0.449738,0.0319501
-0.40033,0.0319728
-0.0803528,0.0319955
0.297089,0.0320181
0.466705,0.0320408
0.35202,0.0320635
0.133759,0.0320862
0.0830078,0.0321088
0.311737,0.0321315
0.668945,0.0321542
0.877808,0.0321769
0.78772,0.0321995
0.511444,0.0322222
0.321198,0.0322449
0.399353,0.0322676
0.671204,0.0322903
0.873596,0.0323129
0.795868,0.0323356
0.473083,0.0323583
0.154755,0.032381
0.0774536,0.0324036
0.249481,0.0324263
0.444519,0.032449
0.410095,0.0324717
0.100159,0.0324943
-0.281403,0.032517
-0.465485,0.0325397
-0.362518,0.0325624
-0.14267,0.032585
-0.0787354,0.0326077
-0.295074,0.0326304
-0.652435,0.0326531
-0.874237,0.0326757
-0.798584,0.0326984
-0.525543,0.0327211
-0.324921,0.0327438
-0.38913,0.0327664
-0.65683,0.0327891
-0.869202,0.0328118
-0.806976,0.0328345
-0.491577,0.0328571
-0.166229,0.0328798
-0.0743103,0.0329025
-0.237885,0.0329252
-0.43866,0.0329478
-0.419128,0.0329705
-0.119751,0.0329932
0.265167,0.0330159
0.463501,0.0330385
0.372681,0.0330612
0.152008,0.0330839
0.0752563,0.0331066
0.278809,0.0331293
0.635529,0.0331519
0.869873,0.0331746
0.808929,0.0331973
0.539825,0.03322
0.329376,0.0332426
0.379486,0.0332653
0.642334,0.033288
0.864075,0.0333107
0.817444,0.0333333
0.510071,0.033356
0.178314,0.0333787
0.0718689,0.0334014
0.22641,0.033424
0.43219,0.0334467
0.427429,0.0334694
0.13913,0.0334921
-0.248413,0.0335147
-0.460693,0.0335374
-0.382507,0.0335601
-0.161743,0.0335828
-0.0725098,0.0336054
-0.262939,0.0336281
-0.618286,0.0336508
-0.864685,0.0336735
-0.818695,0.0336961
-0.554291,0.0337188
-0.334534,0.0337415
-0.370422,0.0337642
-0.627686,0.0337868
-0.858215,0.0338095
-0.827179,0.0338322
-0.528503,0.0338549
-0.19104,0.0338776
-0.0701294,0.0339002
-0.215057,0.0339229
-0.425171,0.0339456
-0.434937,0.0339683
-0.158234,0.0339909
0.231201,0.0340136
0.457123,0.0340363
0.391937,0.034059
0.171814,0.0340816
0.0705261,0.0341043
0.247559,0.034127
0.600769,0.0341497
0.858734,0.0341723
0.827881,0.034195
0.568878,0.0342177
0.340363,0.0342404
0.361938,0.034263
0.613007,0.0342857
0.851624,0.0343084
0.836182,0.0343311
0.546814,0.0343537
0.204346,0.0343764
0.0691223,0.0343991
0.203888,0.0344218
0.417603,0.0344444
0.44165,0.0344671
0.177002,0.0344898
-0.213531,0.0345125
-0.452759,0.0345351
-0.40097,0.0345578
-0.18222,0.0345805
-0.0693054,0.0346032
-0.232635,0.0346259
-0.583008,0.0346485
-0.85199,0.0346712
-0.836456,0.0346939
-0.583557,0.0347166
-0.346893,0.0347392
-0.354095,0.0347619
-0.598267,0.0347846
-0.844391,0.0348073
-0.844452,0.0348299
-0.565002,0.0348526
-0.218231,0.0348753
-0.0688477,0.034898
-0.192932,0.0349206
-0.409515,0.0349433
-0.447601,0.034966
-0.195465,0.0349887
0.195465,0.0350113
0.447601,0.035034
0.409515,0.0350567
0.192932,0.0350794
0.0688477,0.035102
0.218231,0.0351247
0.565002,0.0351474
0.844452,0.0351701
0.844391,0.0351927
0.598267,0.0352154
0.354095,0.0352381
0.346893,0.0352608
0.583557,0.0352834
0.836456,0.0353061
0.85199,0.0353288
0.583008,0.0353515
0.232635,0.0353741
0.0693054,0.0353968
0.18222,0.0354195
0.40097,0.0354422
0.452759,0.0354649
0.213531,0.0354875
-0.177002,0.0355102
-0.44165,0.0355329
-0.417603,0.0355556
-0.203888,0.0355782
-0.0691223,0.0356009
-0.204346,0.0356236
-0.546814,0.0356463
-0.836182,0.0356689
-0.851624,0.0356916
-0.613007,0.0357143
-0.361938,0.035737
-0.340363,0.0357596
-0.568878,0.0357823
-0.827881,0.035805
-0.858734,0.0358277
-0.600769,0.0358503
-0.247559,0.035873
-0.0705261,0.0358957
-0.171814,0.0359184
-0.391937,0.035941
-0.457123,0.0359637
-0.231201,0.0359864
0.158234,0.0360091
0.434937,0.0360317
0.425171,0.0360544
0.215057,0.0360771
0.0701294,0.0360998
0.19104,0.0361224
0.528503,0.0361451
0.827179,0.0361678
0.858215,0.0361905
0.627686,0.0362132
0.370422,0.0362358
0.334534,0.0362585
0.554291,0.0362812
0.818695,0.0363039
0.864685,0.0363265
0.618286,0.0363492
0.262939,0.0363719
0.0725098,0.0363946
0.161743,0.0364172
0.382507,0.0364399
0.460693,0.0364626
0.248413,0.0364853
-0.13913,0.0365079
-0.427429,0.0365306
-0.43219,0.0365533
-0.22641,0.036576
-0.0718689,0.0365986
-0.178314,0.0366213
-0.510071,0.036644
-0.817444,0.0366667
-0.864075,0.0366893
-0.642334,0.036712
-0.379486,0.0367347
-0.329376,0.0367574
-0.539825,0.03678
-0.808929,0.0368027
-0.869873,0.0368254
-0.635529,0.0368481
-0.278809,0.0368707
-0.0752563,0.0368934
-0.152008,0.0369161
-0.372681,0.0369388
-0.463501,0.0369615
-0.265167,0.0369841
0.119751,0.0370068
0.419128,0.0370295
0.43866,0.0370522
0.237885,0.0370748
0.0743103,0.0370975
0.166229,0.0371202
0.491577,0.0371429
0.806976,0.0371655
0.869202,0.0371882
0.65683,0.0372109
0.38913,0.0372336
0.324921,0.0372562
0.525543,0.0372789
0.798584,0.0373016
0.874237,0.0373243
0.652435,0.0373469
0.295074,0.0373696
0.0787354,0.0373923
0.14267,0.037415
0.362518,0.0374376
0.465485,0.0374603
0.281403,0.037483
-0.100159,0.0375057
-0.410095,0.0375283
-0.444519,0.037551
-0.249481,0.0375737
-0.0774536,0.0375964
-0.154755,0.037619
-0.473083,0.0376417
-0.795868,0.0376644
-0.873596,0.0376871
-0.671204,0.0377098
-0.399353,0.0377324
-0.321198,0.0377551
-0.511444,0.0377778
-0.78772,0.0378005
-0.877808,0.0378231
-0.668945,0.0378458
-0.311737,0.0378685
-0.0830078,0.0378912
-0.133759,0.0379138
-0.35202,0.0379365
-0.466705,0.0379592
-0.297089,0.0379819
0.0803528,0.0380045
0.40033,0.0380272
0.449738,0.0380499
0.261139,0.0380726
0.0812988,0.0380952
0.143951,0.0381179
0.45459,0.0381406
0.784058,0.0381633
0.877228,0.0381859
0.685394,0.0382086
0.410095,0.0382313
0.318237,0.038254
0.497559,0.0382766
0.776337,0.0382993
0.880554,0.038322
0.685089,0.0383447
0.328735,0.0383673
0.0880432,0.03839
0.125305,0.0384127
0.341248,0.0384354
0.467163,0.038458
0.312225,0.0384807
-0.0603943,0.0385034
-0.389801,0.0385261
-0.454315,0.0385488
-0.272797,0.0385714
-0.0857544,0.0385941
-0.13382,0.0386168
-0.436127,0.0386395
-0.771637,0.0386621
-0.880096,0.0386848
-0.699341,0.0387075
-0.421326,0.0387302
-0.315979,0.0387528
-0.483978,0.0387755
-0.764496,0.0387982
-0.882507,0.0388209
-0.700775,0.0388435
-0.346039,0.0388662
-0.093811,0.0388889
-0.11734,0.0389116
-0.330231,0.0389342
-0.466858,0.0389569
-0.326782,0.0389796
0.0403442,0.0390023
0.378571,0.0390249
0.458252,0.0390476
0.284485,0.0390703
0.0908813,0.039093
0.12439,0.0391156
0.417786,0.0391383
0.758575,0.039161
0.882172,0.0391837
0.713043,0.0392063
0.433044,0.039229
0.314484,0.0392517
0.470703,0.0392744
0.752197,0.0392971
0.883636,0.0393197
0.716003,0.0393424
0.363647,0.0393651
0.100342,0.0393878
0.109894,0.0394104
0.319,0.0394331
0.46579,0.0394558
0.340698,0.0394785
-0.0201721,0.0395011
-0.366608,0.0395238
-0.461456,0.0395465
-0.296082,0.0395692
-0.0966492,0.0395918
-0.115631,0.0396145
-0.399567,0.0396372
-0.744934,0.0396599
-0.883453,0.0396825
-0.72644,0.0397052
-0.44519,0.0397279
-0.313721,0.0397506
-0.457764,0.0397732
-0.739502,0.0397959
-0.883942,0.0398186
-0.730743,0.0398413
-0.3815,0.0398639
-0.107635,0.0398866
-0.102966,0.0399093
-0.307617,0.039932
-0.463989,0.0399546
-0.354004,0.0399773
0,0.04
0.354004,0.0400227
0.463989,0.0400454
0.307617,0.040068
0.102966,0.0400907
0.107635,0.0401134
0.3815,0.0401361
0.730743,0.0401587
0.883942,0.0401814
0.739502,0.0402041
0.457764,0.0402268
0.313721,0.0402494
0.44519,0.0402721
0.72644,0.0402948
0.883453,0.0403175
0.744934,0.0403401
0.399567,0.0403628
0.115631,0.0403855
0.0966492,0.0404082
0.296082,0.0404308
0.461456,0.0404535
0.366608,0.0404762
0.0201721,0.0404989
-0.340698,0.0405215
-0.46579,0.0405442
-0.319,0.0405669
-0.109894,0.0405896
-0.100342,0.0406122
-0.363647,0.0406349
-0.716003,0.0406576
-0.883636,0.0406803
-0.752197,0.0407029
-0.470703,0.0407256
-0.314484,0.0407483
-0.433044,0.040771
-0.713043,0.0407936
-0.882172,0.0408163
-0.758575,0.040839
-0.417786,0.0408617
-0.12439,0.0408844
-0.0908813,0.040907
-0.284485,0.0409297
-0.458252,0.0409524
-0.378571,0.0409751
-0.0403442,0.0409977
0.326782,0.0410204
0.466858,0.0410431
0.330231,0.0410658
0.11734,0.0410884
0.093811,0.0411111
0.346039,0.0411338
0.700775,0.0411565
0.882507,0.0411791
0.764496,0.0412018
0.483978,0.0412245
0.315979,0.0412472
0.421326,0.0412698
0.699341,0.0412925
0.880096,0.0413152
0.771637,0.0413379
0.436127,0.0413605
0.13382,0.0413832
0.0857544,0.0414059
0.272797,0.0414286
0.454315,0.0414512
0.389801,0.0414739
0.0603943,0.0414966
-0.312225,0.0415193
-0.467163,0.0415419
-0.341248,0.0415646
-0.125305,0.0415873
-0.0880432,0.04161
-0.328735,0.0416327
-0.685089,0.0416553
-0.880554,0.041678
-0.776337,0.0417007
-0.497559,0.0417234
-0.318237,0.041746
-0.410095,0.0417687
-0.685394,0.0417914
-0.877228,0.0418141
-0.784058,0.0418367
-0.45459,0.0418594
-0.143951,0.0418821
-0.0812988,0.0419048
-0.261139,0.0419274
-0.449738,0.0419501
-0.40033,0.0419728
-0.0803528,0.0419955
0.297089,0.0420181
0.466705,0.0420408
0.35202,0.0420635
0.133759,0.0420862
0.0830078,0.0421088
0.311737,0.0421315
0.668945,0.0421542
0.877808,0.0421769
0.78772,0.0421995
0.511444,0.0422222
0.321198,0.0422449
0.399353,0.0422676
0.671204,0.0422902
0.873596,0.0423129
0.795868,0.0423356
0.473083,0.0423583
0.154755,0.042381
0.0774536,0.0424036
0.249481,0.0424263
0.444519,0.042449
0.410095,0.0424717
0.100159,0.0424943
-0.281403,0.042517
-0.465485,0.0425397
-0.362518,0.0425624
-0.14267,0.042585
-0.0787354,0.0426077
-0.295074,0.0426304
-0.652435,0.0426531
-0.874237,0.0426757
-0.798584,0.0426984
-0.525543,0.0427211
-0.324921,0.0427438
-0.38913,0.0427664
-0.65683,0.0427891
-0.869202,0.0428118
-0.806976,0.0428345
-0.491577,0.0428571
-0.166229,0.0428798
-0.0743103,0.0429025
-0.237885,0.0429252
-0.43866,0.0429478
-0.419128,0.0429705
-0.119751,0.0429932
0.265167,0.0430159
0.463501,0.0430385
0.372681,0.0430612
0.152008,0.0430839
0.0752563,0.0431066
0.278809,0.0431293
0.635529,0.0431519
0.869873,0.0431746
0.808929,0.0431973
0.539825,0.04322
0.329376,0.0432426
0.379486,0.0432653
0.642334,0.043288
0.864075,0.0433107
0.817444,0.0433333
0.510071,0.043356
0.178314,0.0433787
0.0718689,0.0434014
0.22641,0.043424
0.43219,0.0434467
0.427429,0.0434694
0.13913,0.0434921
-0.248413,0.0435147
-0.460693,0.0435374
-0.382507,0.0435601
-0.161743,0.0435828
-0.0725098,0.0436054
-0.262939,0.0436281
-0.618286,0.0436508
-0.864685,0.0436735
-0.818695,0.0436961
-0.554291,0.0437188
-0.334534,0.0437415
-0.370422,0.0437642
-0.627686,0.0437868
-0.858215,0.0438095
-0.827179,0.0438322
-0.528503,0.0438549
-0.19104,0.0438775
-0.0701294,0.0439002
-0.215057,0.0439229
-0.425171,0.0439456
-0.434937,0.0439683
-0.158234,0.0439909
0.231201,0.0440136
0.457123,0.0440363
0.391937,0.044059
0.171814,0.0440816
0.0705261,0.0441043
0.247559,0.044127
0.600769,0.0441497
0.858734,0.0441723
0.827881,0.044195
0.568878,0.0442177
0.340363,0.0442404
0.361938,0.044263
0.613007,0.0442857
0.851624,0.0443084
0.836182,0.0443311
0.546814,0.0443537
0.204346,0.0443764
0.0691223,0.0443991
0.203888,0.0444218
0.417603,0.0444444
0.44165,0.0444671
0.177002,0.0444898
-0.213531,0.0445125
-0.452759,0.0445351
-0.40097,0.0445578
-0.18222,0.0445805
-0.0693054,0.0446032
-0.232635,0.0446258
-0.583008,0.0446485
-0.85199,0.0446712
-0.836456,0.0446939
-0.583557,0.0447166
-0.346893,0.0447392
-0.354095,0.0447619
-0.598267,0.0447846
-0.844391,0.0448073
-0.844452,0.0448299
-0.565002,0.0448526
-0.218231,0.0448753
-0.0688477,0.044898
-0.192932,0.0449206
-0.409515,0.0449433
-0.447601,0.044966
-0.195465,0.0449887
0.195465,0.0450113
0.447601,0.045034
0.409515,0.0450567
0.192932,0.0450794
0.0688477,0.045102
0.218231,0.0451247
0.565002,0.0451474
0.844452,0.0451701
0.844391,0.0451927
0.598267,0.0452154
0.354095,0.0452381
0.346893,0.0452608
0.583557,0.0452834
0.836456,0.0453061
0.85199,0.0453288
0.583008,0.0453515
0.232635,0.0453742
0.0693054,0.0453968
0.18222,0.0454195
0.40097,0.0454422
0.452759,0.0454649
0.213531,0.0454875
-0.177002,0.0455102
-0.44165,0.0455329
-0.417603,0.0455556
-0.203888,0.0455782
-0.0691223,0.0456009
-0.204346,0.0456236
-0.546814,0.0456463
-0.836182,0.0456689
-0.851624,0.0456916
-0.613007,0.0457143
-0.361938,0.045737
-0.340363,0.0457596
-0.568878,0.0457823
-0.827881,0.045805
-0.858734,0.0458277
-0.600769,0.0458503
-0.247559,0.045873
-0.0705261,0.0458957
-0.171814,0.0459184
-0.391937,0.045941
-0.457123,0.0459637
-0.231201,0.0459864
0.158234,0.0460091
0.434937,0.0460317
0.425171,0.0460544
0.215057,0.0460771
0.0701294,0.0460998
0.19104,0.0461225
0.528503,0.0461451
0.827179,0.0461678
0.858215,0.0461905
0.627686,0.0462132
0.370422,0.0462358
0.334534,0.0462585
0.554291,0.0462812
0.818695,0.0463039
0.864685,0.0463265
0.618286,0.0463492
0.262939,0.0463719
0.0725098,0.0463946
0.161743,0.0464172
0.382507,0.0464399
0.460693,0.0464626
0.248413,0.0464853
-0.13913,0.0465079
-0.427429,0.0465306
-0.43219,0.0465533
-0.22641,0.046576
-0.0718689,0.0465986
-0.178314,0.0466213
-0.510071,0.046644
-0.817444,0.0466667
-0.864075,0.0466893
-0.642334,0.046712
-0.379486,0.0467347
-0.329376,0.0467574
-0.539825,0.04678
-0.808929,0.0468027
-0.869873,0.0468254
-0.635529,0.0468481
-0.278809,0.0468707
-0.0752563,0.0468934
-0.152008,0.0469161
-0.372681,0.0469388
-0.463501,0.0469615
-0.265167,0.0469841
0.119751,0.0470068
0.419128,0.0470295
0.43866,0.0470522
0.237885,0.0470748
0.0743103,0.0470975
0.166229,0.0471202
0.491577,0.0471429
0.806976,0.0471655
0.869202,0.0471882
0.65683,0.0472109
0.38913,0.0472336
0.324921,0.0472562
0.525543,0.0472789
0.798584,0.0473016
0.874237,0.0473243
0.652435,0.0473469
0.295074,0.0473696
0.0787354,0.0473923
0.14267,0.047415
0.362518,0.0474376
0.465485,0.0474603
0.281403,0.047483
-0.100159,0.0475057
-0.410095,0.0475283
-0.444519,0.047551
-0.249481,0.0475737
-0.0774536,0.0475964
-0.154755,0.047619
-0.473083,0.0476417
-0.795868,0.0476644
-0.873596,0.0476871
-0.671204,0.0477098
-0.399353,0.0477324
-0.321198,0.0477551
-0.511444,0.0477778
-0.78772,0.0478005
-0.877808,0.0478231
-0.668945,0.0478458
-0.311737,0.0478685
-0.0830078,0.0478912
-0.133759,0.0479138
-0.35202,0.0479365
-0.466705,0.0479592
-0.297089,0.0479819
0.0803528,0.0480045
0.40033,0.0480272
0.449738,0.0480499
0.261139,0.0480726
0.0812988,0.0480952
0.143951,0.0481179
0.45459,0.0481406
0.784058,0.0481633
0.877228,0.0481859
0.685394,0.0482086
0.410095,0.0482313
0.318237,0.048254
0.497559,0.0482766
0.776337,0.0482993
0.880554,0.048322
0.685089,0.0483447
0.328735,0.0483673
0.0880432,0.04839
0.125305,0.0484127
0.341248,0.0484354
0.467163,0.0484581
0.312225,0.0484807
-0.0603943,0.0485034
-0.389801,0.0485261
-0.454315,0.0485488
-0.272797,0.0485714
-0.0857544,0.0485941
-0.13382,0.0486168
-0.436127,0.0486395
-0.771637,0.0486621
-0.880096,0.0486848
-0.699341,0.0487075
-0.421326,0.0487302
-0.315979,0.0487528
-0.483978,0.0487755
-0.764496,0.0487982
-0.882507,0.0488209
-0.700775,0.0488435
-0.346039,0.0488662
-0.093811,0.0488889
-0.11734,0.0489116
-0.330231,0.0489342
-0.466858,0.0489569
-0.326782,0.0489796
0.0403442,0.0490023
0.378571,0.0490249
0.458252,0.0490476
0.284485,0.0490703
0.0908813,0.049093
0.12439,0.0491156
0.417786,0.0491383
0.758575,0.049161
0.882172,0.0491837
0.713043,0.0492063
0.433044,0.049229
0.314484,0.0492517
0.470703,0.0492744
0.752197,0.0492971
0.883636,0.0493197
0.716003,0.0493424
0.363647,0.0493651
0.100342,0.0493878
0.109894,0.0494104
0.319,0.0494331
0.46579,0.0494558
0.340698,0.0494785
-0.0201721,0.0495011
-0.366608,0.0495238
-0.461456,0.0495465
-0.296082,0.0495692
-0.0966492,0.0495918
-0.115631,0.0496145
-0.399567,0.0496372
-0.744934,0.0496599
-0.883453,0.0496825
-0.72644,0.0497052
-0.44519,0.0497279
-0.313721,0.0497506
-0.457764,0.0497732
-0.739502,0.0497959
-0.883942,0.0498186
-0.730743,0.0498413
-0.3815,0.0498639
-0.107635,0.0498866
-0.102966,0.0499093
-0.307617,0.049932
-0.463989,0.0499546
-0.354004,0.0499773
0,0.05
0.354004,0.0500227
0.463989,0.0500454
0.307617,0.050068
0.102966,0.0500907
0.107635,0.0501134
0.3815,0.0501361
0.730743,0.0501587
0.883942,0.0501814
0.739502,0.0502041
0.457764,0.0502268
0.313721,0.0502494
0.44519,0.0502721
0.72644,0.0502948
0.883453,0.0503175
0.744934,0.0503401
0.399567,0.0503628
0.115631,0.0503855
0.0966492,0.0504082
0.296082,0.0504308
0.461456,0.0504535
0.366608,0.0504762
0.0201721,0.0504989
-0.340698,0.0505215
-0.46579,0.0505442
-0.319,0.0505669
-0.109894,0.0505896
-0.100342,0.0506122
-0.363647,0.0506349
-0.716003,0.0506576
-0.883636,0.0506803
-0.752197,0.0507029
-0.470703,0.0507256
-0.314484,0.0507483
-0.433044,0.050771
-0.713043,0.0507937
-0.882172,0.0508163
-0.758575,0.050839
-0.417786,0.0508617
-0.12439,0.0508844
-0.0908813,0.050907
-0.284485,0.0509297
-0.458252,0.0509524
-0.378571,0.0509751
-0.0403442,0.0509977
0.326782,0.0510204
0.466858,0.0510431
0.330231,0.0510658
0.11734,0.0510884
0.093811,0.0511111
0.346039,0.0511338
0.700775,0.0511565
0.882507,0.0511791
0.764496,0.0512018
0.483978,0.0512245
0.315979,0.0512472
0.421326,0.0512698
0.699341,0.0512925
0.880096,0.0513152
0.771637,0.0513379
0.436127,0.0513605
0.13382,0.0513832
0.0857544,0.0514059
0.272797,0.0514286
0.454315,0.0514512
0.389801,0.0514739
0.0603943,0.0514966
-0.312225,0.0515193
-0.467163,0.051542
-0.341248,0.0515646
-0.125305,0.0515873
-0.0880432,0.05161
-0.328735,0.0516327
-0.685089,0.0516553
-0.880554,0.051678
-0.776337,0.0517007
-0.497559,0.0517234
-0.318237,0.051746
-0.410095,0.0517687
-0.685394,0.0517914
-0.877228,0.0518141
-0.784058,0.0518367
-0.45459,0.0518594
-0.143951,0.0518821
-0.0812988,0.0519048
-0.261139,0.0519274
-0.449738,0.0519501
-0.40033,0.0519728
-0.0803528,0.0519955
0.297089,0.0520181
0.466705,0.0520408
0.35202,0.0520635
0.133759,0.0520862
0.0830078,0.0521088
0.311737,0.0521315
0.668945,0.0521542
0.877808,0.0521769
0.78772,0.0521995
0.511444,0.0522222
0.321198,0.0522449
0.399353,0.0522676
0.671204,0.0522902
0.873596,0.0523129
0.795868,0.0523356
0.473083,0.0523583
0.154755,0.052381
0.0774536,0.0524036
0.249481,0.0524263
0.444519,0.052449
0.410095,0.0524717
0.100159,0.0524943
-0.281403,0.052517
-0.465485,0.0525397
-0.362518,0.0525624
-0.14267,0.052585
-0.0787354,0.0526077
-0.295074,0.0526304
-0.652435,0.0526531
-0.874237,0.0526757
-0.798584,0.0526984
-0.525543,0.0527211
-0.324921,0.0527438
-0.38913,0.0527664
-0.65683,0.0527891
-0.869202,0.0528118
-0.806976,0.0528345
-0.491577,0.0528571
-0.166229,0.0528798
-0.0743103,0.0529025
-0.237885,0.0529252
-0.43866,0.0529478
-0.419128,0.0529705
-0.119751,0.0529932
0.265167,0.0530159
0.463501,0.0530385
0.372681,0.0530612
0.152008,0.0530839
0.0752563,0.0531066
0.278809,0.0531293
0.635529,0.0531519
0.869873,0.0531746
0.808929,0.0531973
0.539825,0.05322
0.329376,0.0532426
0.379486,0.0532653
0.642334,0.053288
0.864075,0.0533107
0.817444,0.0533333
0.510071,0.053356
0.178314,0.0533787
0.0718689,0.0534014
0.22641,0.053424
0.43219,0.0534467
0.427429,0.0534694
0.13913,0.0534921
-0.248413,0.0535147
-0.460693,0.0535374
-0.382507,0.0535601
-0.161743,0.0535828
-0.0725098,0.0536054
-0.262939,0.0536281
-0.618286,0.0536508
-0.864685,0.0536735
-0.818695,0.0536961
-0.554291,0.0537188
-0.334534,0.0537415
-0.370422,0.0537642
-0.627686,0.0537868
-0.858215,0.0538095
-0.827179,0.0538322
-0.528503,0.0538549
-0.19104,0.0538776
-0.0701294,0.0539002
-0.215057,0.0539229
-0.425171,0.0539456
-0.434937,0.0539683
-0.158234,0.0539909
0.231201,0.0540136
0.457123,0.0540363
0.391937,0.054059
0.171814,0.0540816
0.0705261,0.0541043
0.247559,0.054127
0.600769,0.0541497
0.858734,0.0541723
0.827881,0.054195
0.568878,0.0542177
0.340363,0.0542404
0.361938,0.054263
0.613007,0.0542857
0.851624,0.0543084
0.836182,0.0543311
0.546814,0.0543537
0.204346,0.0543764
0.0691223,0.0543991
0.203888,0.0544218
0.417603,0.0544444
0.44165,0.0544671
0.177002,0.0544898
-0.213531,0.0545125
-0.452759,0.0545351
-0.40097,0.0545578
-0.18222,0.0545805
-0.0693054,0.0546032
-0.232635,0.0546259
-0.583008,0.0546485
-0.85199,0.0546712
-0.836456,0.0546939
-0.583557,0.0547166
-0.346893,0.0547392
-0.354095,0.0547619
-0.598267,0.0547846
-0.844391,0.0548073
-0.844452,0.0548299
-0.565002,0.0548526
-0.218231,0.0548753
-0.0688477,0.054898
-0.192932,0.0549206
-0.409515,0.0549433
-0.447601,0.054966
-0.195465,0.0549887
0.195465,0.0550113
0.447601,0.055034
0.409515,0.0550567
0.192932,0.0550794
0.0688477,0.055102
0.218231,0.0551247
0.565002,0.0551474
0.844452,0.0551701
0.844391,0.0551927
0.598267,0.0552154
0.354095,0.0552381
0.346893,0.0552608
0.583557,0.0552834
0.836456,0.0553061
0.85199,0.0553288
0.583008,0.0553515
0.232635,0.0553741
0.0693054,0.0553968
0.18222,0.0554195
0.40097,0.0554422
0.452759,0.0554649
0.213531,0.0554875
-0.177002,0.0555102
-0.44165,0.0555329
-0.417603,0.0555556
-0.203888,0.0555782
-0.0691223,0.0556009
-0.204346,0.0556236
-0.546814,0.0556463
-0.836182,0.0556689
-0.851624,0.0556916
-0.613007,0.0557143
-0.361938,0.055737
-0.340363,0.0557596
-0.568878,0.0557823
-0.827881,0.055805
-0.858734,0.0558277
-0.600769,0.0558503
-0.247559,0.055873
-0.0705261,0.0558957
-0.171814,0.0559184
-0.391937,0.055941
-0.457123,0.0559637
-0.231201,0.0559864
0.158234,0.0560091
0.434937,0.0560317
0.425171,0.0560544
0.215057,0.0560771
0.0701294,0.0560998
0.19104,0.0561224
0.528503,0.0561451
0.827179,0.0561678
0.858215,0.0561905
0.627686,0.0562132
0.370422,0.0562358
0.334534,0.0562585
0.554291,0.0562812
0.818695,0.0563039
0.864685,0.0563265
0.618286,0.0563492
0.262939,0.0563719
0.0725098,0.0563946
0.161743,0.0564172
0.382507,0.0564399
0.460693,0.0564626
0.248413,0.0564853
-0.13913,0.0565079
-0.427429,0.0565306
-0.43219,0.0565533
-0.22641,0.056576
-0.0718689,0.0565986
-0.178314,0.0566213
-0.510071,0.056644
-0.817444,0.0566667
-0.864075,0.0566893
-0.642334,0.056712
-0.379486,0.0567347
-0.329376,0.0567574
-0.539825,0.05678
-0.808929,0.0568027
-0.869873,0.0568254
-0.635529,0.0568481
-0.278809,0.0568707
-0.0752563,0.0568934
-0.152008,0.0569161
-0.372681,0.0569388
-0.463501,0.0569615
-0.265167,0.0569841
0.119751,0.0570068
0.419128,0.0570295
0.43866,0.0570522
0.237885,0.0570748
0.0743103,0.0570975
0.166229,0.0571202
0.491577,0.0571429
0.806976,0.0571655
0.869202,0.0571882
0.65683,0.0572109
0.38913,0.0572336
0.324921,0.0572562
0.525543,0.0572789
0.798584,0.0573016
0.874237,0.0573243
0.652435,0.0573469
0.295074,0.0573696
0.0787354,0.0573923
0.14267,0.057415
0.362518,0.0574376
0.465485,0.0574603
0.281403,0.057483
-0.100159,0.0575057
-0.410095,0.0575283
-0.444519,0.057551
-0.249481,0.0575737
-0.0774536,0.0575964
-0.154755,0.057619
-0.473083,0.0576417
-0.795868,0.0576644
-0.873596,0.0576871
-0.671204,0.0577097
-0.399353,0.0577324
-0.321198,0.0577551
-0.511444,0.0577778
-0.78772,0.0578005
-0.877808,0.0578231
-0.668945,0.0578458
-0.311737,0.0578685
-0.0830078,0.0578912
-0.133759,0.0579138
-0.35202,0.0579365
-0.466705,0.0579592
-0.297089,0.0579819
0.0803528,0.0580045
0.40033,0.0580272
0.449738,0.0580499
0.261139,0.0580726
0.0812988,0.0580952
0.143951,0.0581179
0.45459,0.0581406
0.784058,0.0581633
0.877228,0.0581859
0.685394,0.0582086
0.410095,0.0582313
0.318237,0.058254
0.497559,0.0582766
0.776337,0.0582993
0.880554,0.058322
0.685089,0.0583447
0.328735,0.0583673
0.0880432,0.05839
0.125305,0.0584127
0.341248,0.0584354
0.467163,0.058458
0.312225,0.0584807
-0.0603943,0.0585034
-0.389801,0.0585261
-0.454315,0.0585488
-0.272797,0.0585714
-0.0857544,0.0585941
-0.13382,0.0586168
-0.436127,0.0586395
-0.771637,0.0586621
-0.880096,0.0586848
-0.699341,0.0587075
-0.421326,0.0587302
-0.315979,0.0587528
-0.483978,0.0587755
-0.764496,0.0587982
-0.882507,0.0588209
-0.700775,0.0588435
-0.346039,0.0588662
-0.093811,0.0588889
-0.11734,0.0589116
-0.330231,0.0589342
-0.466858,0.0589569
-0.326782,0.0589796
0.0403442,0.0590023
0.378571,0.0590249
0.458252,0.0590476
0.284485,0.0590703
0.0908813,0.059093
0.12439,0.0591156
0.417786,0.0591383
0.758575,0.059161
0.882172,0.0591837
0.713043,0.0592063
0.433044,0.059229
0.314484,0.0592517
0.470703,0.0592744
0.752197,0.0592971
0.883636,0.0593197
0.716003,0.0593424
0.363647,0.0593651
0.100342,0.0593878
0.109894,0.0594104
0.319,0.0594331
0.46579,0.0594558
0.340698,0.0594785
-0.0201721,0.0595011
-0.366608,0.0595238
-0.461456,0.0595465
-0.296082,0.0595692
-0.0966492,0.0595918
-0.115631,0.0596145
-0.399567,0.0596372
-0.744934,0.0596599
-0.883453,0.0596825
-0.72644,0.0597052
-0.44519,0.0597279
-0.313721,0.0597506
-0.457764,0.0597732
-0.739502,0.0597959
-0.883942,0.0598186
-0.730743,0.0598413
-0.3815,0.0598639
-0.107635,0.0598866
-0.102966,0.0599093
-0.307617,0.059932
-0.463989,0.0599546
-0.354004,0.0599773
0,0.06
0.354004,0.0600227
0.463989,0.0600454
0.307617,0.060068
0.102966,0.0600907
0.107635,0.0601134
0.3815,0.0601361
0.730743,0.0601587
0.883942,0.0601814
0.739502,0.0602041
0.457764,0.0602268
0.313721,0.0602494
0.44519,0.0602721
0.72644,0.0602948
0.883453,0.0603175
0.744934,0.0603401
0.399567,0.0603628
0.115631,0.0603855
0.0966492,0.0604082
0.296082,0.0604308
0.461456,0.0604535
0.366608,0.0604762
0.0201721,0.0604989
-0.340698,0.0605215
-0.46579,0.0605442
-0.319,0.0605669
-0.109894,0.0605896
-0.100342,0.0606122
-0.363647,0.0606349
-0.716003,0.0606576
-0.883636,0.0606803
-0.752197,0.0607029
-0.470703,0.0607256
-0.314484,0.0607483
-0.433044,0.060771
-0.713043,0.0607936
-0.882172,0.0608163
-0.758575,0.060839
-0.417786,0.0608617
-0.12439,0.0608844
-0.0908813,0.060907
-0.284485,0.0609297
-0.458252,0.0609524
-0.378571,0.0609751
-0.0403442,0.0609977
0.326782,0.0610204
0.466858,0.0610431
0.330231,0.0610658
0.11734,0.0610884
0.093811,0.0611111
0.346039,0.0611338
0.700775,0.0611565
0.882507,0.0611791
0.764496,0.0612018
0.483978,0.0612245
0.315979,0.0612472
0.421326,0.0612698
0.699341,0.0612925
0.880096,0.0613152
0.771637,0.0613379
0.436127,0.0613605
0.13382,0.0613832
0.0857544,0.0614059
0.272797,0.0614286
0.454315,0.0614512
0.389801,0.0614739
0.0603943,0.0614966
-0.312225,0.0615193
-0.467163,0.0615419
-0.341248,0.0615646
-0.125305,0.0615873
-0.0880432,0.06161
-0.328735,0.0616327
-0.685089,0.0616553
-0.880554,0.061678
-0.776337,0.0617007
-0.497559,0.0617234
-0.318237,0.061746
-0.410095,0.0617687
-0.685394,0.0617914
-0.877228,0.0618141
-0.784058,0.0618367
-0.45459,0.0618594
-0.143951,0.0618821
-0.0812988,0.0619048
-0.261139,0.0619274
-0.449738,0.0619501
-0.40033,0.0619728
-0.0803528,0.0619955
0.297089,0.0620181
0.466705,0.0620408
0.35202,0.0620635
0.133759,0.0620862
0.0830078,0.0621088
0.311737,0.0621315
0.668945,0.0621542
0.877808,0.0621769
0.78772,0.0621995
0.511444,0.0622222
0.321198,0.0622449
0.399353,0.0622676
0.671204,0.0622903
0.873596,0.0623129
0.795868,0.0623356
0.473083,0.0623583
0.154755,0.062381
0.0774536,0.0624036
0.249481,0.0624263
0.444519,0.062449
0.410095,0.0624717
0.100159,0.0624943
-0.281403,0.062517
-0.465485,0.0625397
-0.362518,0.0625624
-0.14267,0.062585
-0.0787354,0.0626077
-0.295074,0.0626304
-0.652435,0.0626531
-0.874237,0.0626757
-0.798584,0.0626984
-0.525543,0.0627211
-0.324921,0.0627438
-0.38913,0.0627664
-0.65683,0.0627891
-0.869202,0.0628118
-0.806976,0.0628345
-0.491577,0.0628571
-0.166229,0.0628798
-0.0743103,0.0629025
-0.237885,0.0629252
-0.43866,0.0629478
-0.419128,0.0629705
-0.119751,0.0629932
0.265167,0.0630159
0.463501,0.0630386
0.372681,0.0630612
0.152008,0.0630839
0.0752563,0.0631066
0.278809,0.0631293
0.635529,0.0631519
0.869873,0.0631746
0.808929,0.0631973
0.539825,0.06322
0.329376,0.0632426
0.379486,0.0632653
0.642334,0.063288
0.864075,0.0633107
0.817444,0.0633333
0.510071,0.063356
0.178314,0.0633787
0.0718689,0.0634014
0.22641,0.063424
0.43219,0.0634467
0.427429,0.0634694
0.13913,0.0634921
-0.248413,0.0635147
-0.460693,0.0635374
-0.382507,0.0635601
-0.161743,0.0635828
-0.0725098,0.0636054
-0.262939,0.0636281
-0.618286,0.0636508
-0.864685,0.0636735
-0.818695,0.0636961
-0.554291,0.0637188
-0.334534,0.0637415
-0.370422,0.0637642
-0.627686,0.0637868
-0.858215,0.0638095
-0.827179,0.0638322
-0.528503,0.0638549
-0.19104,0.0638776
-0.0701294,0.0639002
-0.215057,0.0639229
-0.425171,0.0639456
-0.434937,0.0639683
-0.158234,0.0639909
0.231201,0.0640136
0.457123,0.0640363
0.391937,0.064059
0.171814,0.0640816
0.0705261,0.0641043
0.247559,0.064127
0.600769,0.0641497
0.858734,0.0641723
0.827881,0.064195
0.568878,0.0642177
0.340363,0.0642404
0.361938,0.064263
0.613007,0.0642857
0.851624,0.0643084
0.836182,0.0643311
0.546814,0.0643537
0.204346,0.0643764
0.0691223,0.0643991
0.203888,0.0644218
0.417603,0.0644444
0.44165,0.0644671
0.177002,0.0644898
-0.213531,0.0645125
-0.452759,0.0645351
-0.40097,0.0645578
-0.18222,0.0645805
-0.0693054,0.0646032
-0.232635,0.0646259
-0.583008,0.0646485
-0.85199,0.0646712
-0.836456,0.0646939
-0.583557,0.0647166
-0.346893,0.0647392
-0.354095,0.0647619
-0.598267,0.0647846
-0.844391,0.0648073
-0.844452,0.0648299
-0.565002,0.0648526
-0.218231,0.0648753
-0.0688477,0.064898
-0.192932,0.0649206
-0.409515,0.0649433
-0.447601,0.064966
-0.195465,0.0649887
0.195465,0.0650113
0.447601,0.065034
0.409515,0.0650567
0.192932,0.0650794
0.0688477,0.065102
0.218231,0.0651247
0.565002,0.0651474
0.844452,0.0651701
0.844391,0.0651927
0.598267,0.0652154
0.354095,0.0652381
0.346893,0.0652608
0.583557,0.0652834
0.836456,0.0653061
0.85199,0.0653288
0.583008,0.0653515
0.232635,0.0653742
0.0693054,0.0653968
0.18222,0.0654195
0.40097,0.0654422
0.452759,0.0654649
0.213531,0.0654875
-0.177002,0.0655102
-0.44165,0.0655329
-0.417603,0.0655556
-0.203888,0.0655782
-0.0691223,0.0656009
-0.204346,0.0656236
-0.546814,0.0656463
-0.836182,0.0656689
-0.851624,0.0656916
-0.613007,0.0657143
-0.361938,0.065737
-0.340363,0.0657596
-0.568878,0.0657823
-0.827881,0.065805
-0.858734,0.0658277
-0.600769,0.0658503
-0.247559,0.065873
-0.0705261,0.0658957
-0.171814,0.0659184
-0.391937,0.065941
-0.457123,0.0659637
-0.231201,0.0659864
0.158234,0.0660091
0.434937,0.0660317
0.425171,0.0660544
0.215057,0.0660771
0.0701294,0.0660998
0.19104,0.0661224
0.528503,0.0661451
0.827179,0.0661678
0.858215,0.0661905
0.627686,0.0662132
0.370422,0.0662358
0.334534,0.0662585
0.554291,0.0662812
0.818695,0.0663039
0.864685,0.0663265
0.618286,0.0663492
0.262939,0.0663719
0.0725098,0.0663946
0.161743,0.0664172
0.382507,0.0664399
0.460693,0.0664626
0.248413,0.0664853
-0.13913,0.0665079
-0.427429,0.0665306
-0.43219,0.0665533
-0.22641,0.066576
-0.0718689,0.0665986
-0.178314,0.0666213
-0.510071,0.066644
-0.817444,0.0666667
-0.864075,0.0666893
-0.642334,0.066712
-0.379486,0.0667347
-0.329376,0.0667574
-0.539825,0.06678
-0.808929,0.0668027
-0.869873,0.0668254
-0.635529,0.0668481
-0.278809,0.0668707
-0.0752563,0.0668934
-0.152008,0.0669161
-0.372681,0.0669388
-0.463501,0.0669615
-0.265167,0.0669841
0.119751,0.0670068
0.419128,0.0670295
0.43866,0.0670522
0.237885,0.0670748
0.0743103,0.0670975
0.166229,0.0671202
0.491577,0.0671429
0.806976,0.0671655
0.869202,0.0671882
0.65683,0.0672109
0.38913,0.0672336
0.324921,0.0672562
0.525543,0.0672789
0.798584,0.0673016
0.874237,0.0673243
0.652435,0.0673469
0.295074,0.0673696
0.0787354,0.0673923
0.14267,0.067415
0.362518,0.0674376
0.465485,0.0674603
0.281403,0.067483
-0.100159,0.0675057
-0.410095,0.0675283
-0.444519,0.067551
-0.249481,0.0675737
-0.0774536,0.0675964
-0.154755,0.067619
-0.473083,0.0676417
-0.795868,0.0676644
-0.873596,0.0676871
-0.671204,0.0677098
-0.399353,0.0677324
-0.321198,0.0677551
-0.511444,0.0677778
-0.78772,0.0678005
-0.877808,0.0678231
-0.668945,0.0678458
-0.311737,0.0678685
-0.0830078,0.0678912
-0.133759,0.0679138
-0.35202,0.0679365
-0.466705,0.0679592
-0.297089,0.0679819
0.0803528,0.0680045
0.40033,0.0680272
0.449738,0.0680499
0.261139,0.0680726
0.0812988,0.0680952
0.143951,0.0681179
0.45459,0.0681406
0.784058,0.0681633
0.877228,0.0681859
0.685394,0.0682086
0.410095,0.0682313
0.318237,0.068254
0.497559,0.0682766
0.776337,0.0682993
0.880554,0.068322
0.685089,0.0683447
0.328735,0.0683673
0.0880432,0.06839
0.125305,0.0684127
0.341248,0.0684354
0.467163,0.0684581
0.312225,0.0684807
-0.0603943,0.0685034
-0.389801,0.0685261
-0.454315,0.0685488
-0.272797,0.0685714
-0.0857544,0.0685941
-0.13382,0.0686168
-0.436127,0.0686395
-0.771637,0.0686621
-0.880096,0.0686848
-0.699341,0.0687075
-0.421326,0.0687302
-0.315979,0.0687528
-0.483978,0.0687755
-0.764496,0.0687982
-0.882507,0.0688209
-0.700775,0.0688435
-0.346039,0.0688662
-0.093811,0.0688889
-0.11734,0.0689116
-0.330231,0.0689342
-0.466858,0.0689569
-0.326782,0.0689796
0.0403442,0.0690023
0.378571,0.0690249
0.458252,0.0690476
0.284485,0.0690703
0.0908813,0.069093
0.12439,0.0691156
0.417786,0.0691383
0.758575,0.069161
0.882172,0.0691837
0.713043,0.0692063
0.433044,0.069229
0.314484,0.0692517
0.470703,0.0692744
0.752197,0.0692971
0.883636,0.0693197
0.716003,0.0693424
0.363647,0.0693651
0.100342,0.0693878
0.109894,0.0694104
0.319,0.0694331
0.46579,0.0694558
0.340698,0.0694785
-0.0201721,0.0695011
-0.366608,0.0695238
-0.461456,0.0695465
-0.296082,0.0695692
-0.0966492,0.0695918
-0.115631,0.0696145
-0.399567,0.0696372
-0.744934,0.0696599
-0.883453,0.0696825
-0.72644,0.0697052
-0.44519,0.0697279
-0.313721,0.0697506
-0.457764,0.0697732
-0.739502,0.0697959
-0.883942,0.0698186
-0.730743,0.0698413
-0.3815,0.0698639
-0.107635,0.0698866
-0.102966,0.0699093
-0.307617,0.069932
-0.463989,0.0699546
-0.354004,0.0699773
0,0.07
0.354004,0.0700227
0.463989,0.0700454
0.307617,0.070068
0.102966,0.0700907
0.107635,0.0701134
0.3815,0.0701361
0.730743,0.0701587
0.883942,0.0701814
0.739502,0.0702041
0.457764,0.0702268
0.313721,0.0702494
0.44519,0.0702721
0.72644,0.0702948
0.883453,0.0703175
0.744934,0.0703401
0.399567,0.0703628
0.115631,0.0703855
0.0966492,0.0704082
0.296082,0.0704308
0.461456,0.0704535
0.366608,0.0704762
0.0201721,0.0704989
-0.340698,0.0705215
-0.46579,0.0705442
-0.319,0.0705669
-0.109894,0.0705896
-0.100342,0.0706122
-0.363647,0.0706349
-0.716003,0.0706576
-0.883636,0.0706803
-0.752197,0.0707029
-0.470703,0.0707256
-0.314484,0.0707483
-0.433044,0.070771
-0.713043,0.0707937
-0.882172,0.0708163
-0.758575,0.070839
-0.417786,0.0708617
-0.12439,0.0708844
-0.0908813,0.070907
-0.284485,0.0709297
-0.458252,0.0709524
-0.378571,0.0709751
-0.0403442,0.0709977
0.326782,0.0710204
0.466858,0.0710431
0.330231,0.0710658
0.11734,0.0710884
0.093811,0.0711111
0.346039,0.0711338
0.700775,0.0711565
0.882507,0.0711791
0.764496,0.0712018
0.483978,0.0712245
0.315979,0.0712472
0.421326,0.0712698
0.699341,0.0712925
0.880096,0.0713152
0.771637,0.0713379
0.436127,0.0713605
0.13382,0.0713832
0.0857544,0.0714059
0.272797,0.0714286
0.454315,0.0714512
0.389801,0.0714739
0.0603943,0.0714966
-0.312225,0.0715193
-0.467163,0.071542
-0.341248,0.0715646
-0.125305,0.0715873
-0.0880432,0.07161
-0.328735,0.0716327
-0.685089,0.0716553
-0.880554,0.071678
-0.776337,0.0717007
-0.497559,0.0717234
-0.318237,0.071746
-0.410095,0.0717687
-0.685394,0.0717914
-0.877228,0.0718141
-0.784058,0.0718367
-0.45459,0.0718594
-0.143951,0.0718821
-0.0812988,0.0719048
-0.261139,0.0719274
-0.449738,0.0719501
-0.40033,0.0719728
-0.0803528,0.0719955
0.297089,0.0720181
0.466705,0.0720408
0.35202,0.0720635
0.133759,0.0720862
0.0830078,0.0721088
0.311737,0.0721315
0.668945,0.0721542
0.877808,0.0721769
0.78772,0.0721995
0.511444,0.0722222
0.321198,0.0722449
0.399353,0.0722676
0.671204,0.0722902
0.873596,0.0723129
0.795868,0.0723356
0.473083,0.0723583
0.154755,0.072381
0.0774536,0.0724036
0.249481,0.0724263
0.444519,0.072449
0.410095,0.0724717
0.100159,0.0724943
-0.281403,0.072517
-0.465485,0.0725397
-0.362518,0.0725624
-0.14267,0.072585
-0.0787354,0.0726077
-0.295074,0.0726304
-0.652435,0.0726531
-0.874237,0.0726757
-0.798584,0.0726984
-0.525543,0.0727211
-0.324921,0.0727438
-0.38913,0.0727664
-0.65683,0.0727891
-0.869202,0.0728118
-0.806976,0.0728345
-0.491577,0.0728571
-0.166229,0.0728798
-0.0743103,0.0729025
-0.237885,0.0729252
-0.43866,0.0729478
-0.419128,0.0729705
-0.119751,0.0729932
0.265167,0.0730159
0.463501,0.0730385
0.372681,0.0730612
0.152008,0.0730839
0.0752563,0.0731066
0.278809,0.0731293
0.635529,0.0731519
0.869873,0.0731746
0.808929,0.0731973
0.539825,0.07322
0.329376,0.0732426
0.379486,0.0732653
0.642334,0.073288
0.864075,0.0733107
0.817444,0.0733333
0.510071,0.073356
0.178314,0.0733787
0.0718689,0.0734014
0.22641,0.073424
0.43219,0.0734467
0.427429,0.0734694
0.13913,0.0734921
-0.248413,0.0735147
-0.460693,0.0735374
-0.382507,0.0735601
-0.161743,0.0735828
-0.0725098,0.0736054
-0.262939,0.0736281
-0.618286,0.0736508
-0.864685,0.0736735
-0.818695,0.0736961
-0.554291,0.0737188
-0.334534,0.0737415
-0.370422,0.0737642
-0.627686,0.0737868
-0.858215,0.0738095
-0.827179,0.0738322
-0.528503,0.0738549
-0.19104,0.0738776
-0.0701294,0.0739002
-0.215057,0.0739229
-0.425171,0.0739456
-0.434937,0.0739683
-0.158234,0.0739909
0.231201,0.0740136
0.457123,0.0740363
0.391937,0.074059
0.171814,0.0740816
0.0705261,0.0741043
0.247559,0.074127
0.600769,0.0741497
0.858734,0.0741723
0.827881,0.074195
0.568878,0.0742177
0.340363,0.0742404
0.361938,0.074263
0.613007,0.0742857
0.851624,0.0743084
0.836182,0.0743311
0.546814,0.0743537
0.204346,0.0743764
0.0691223,0.0743991
0.203888,0.0744218
0.417603,0.0744444
0.44165,0.0744671
0.177002,0.0744898
-0.213531,0.0745125
-0.452759,0.0745351
-0.40097,0.0745578
-0.18222,0.0745805
-0.0693054,0.0746032
-0.232635,0.0746258
-0.583008,0.0746485
-0.85199,0.0746712
-0.836456,0.0746939
-0.583557,0.0747166
-0.346893,0.0747392
-0.354095,0.0747619
-0.598267,0.0747846
-0.844391,0.0748073
-0.844452,0.0748299
-0.565002,0.0748526
-0.218231,0.0748753
-0.0688477,0.074898
-0.192932,0.0749206
-0.409515,0.0749433
-0.447601,0.074966
-0.195465,0.0749887
0.195465,0.0750113
0.447601,0.075034
0.409515,0.0750567
0.192932,0.0750794
0.0688477,0.075102
0.218231,0.0751247
0.565002,0.0751474
0.844452,0.0751701
0.844391,0.0751927
0.598267,0.0752154
0.354095,0.0752381
0.346893,0.0752608
0.583557,0.0752834
0.836456,0.0753061
0.85199,0.0753288
0.583008,0.0753515
0.232635,0.0753741
0.0693054,0.0753968
0.18222,0.0754195
0.40097,0.0754422
0.452759,0.0754649
0.213531,0.0754875
-0.177002,0.0755102
-0.44165,0.0755329
-0.417603,0.0755556
-0.203888,0.0755782
-0.0691223,0.0756009
-0.204346,0.0756236
-0.546814,0.0756463
-0.836182,0.0756689
-0.851624,0.0756916
-0.613007,0.0757143
-0.361938,0.075737
-0.340363,0.0757596
-0.568878,0.0757823
-0.827881,0.075805
-0.858734,0.0758277
-0.600769,0.0758503
-0.247559,0.075873
-0.0705261,0.0758957
-0.171814,0.0759184
-0.391937,0.075941
-0.457123,0.0759637
-0.231201,0.0759864
0.158234,0.0760091
0.434937,0.0760317
0.425171,0.0760544
0.215057,0.0760771
0.0701294,0.0760998
0.19104,0.0761224
0.528503,0.0761451
0.827179,0.0761678
0.858215,0.0761905
0.627686,0.0762132
0.370422,0.0762358
0.334534,0.0762585
0.554291,0.0762812
0.818695,0.0763039
0.864685,0.0763265
0.618286,0.0763492
0.262939,0.0763719
0.0725098,0.0763946
0.161743,0.0764172
0.382507,0.0764399
0.460693,0.0764626
0.248413,0.0764853
-0.13913,0.0765079
-0.427429,0.0765306
-0.43219,0.0765533
-0.22641,0.076576
-0.0718689,0.0765986
-0.178314,0.0766213
-0.510071,0.076644
-0.817444,0.0766667
-0.864075,0.0766893
-0.642334,0.076712
-0.379486,0.0767347
-0.329376,0.0767574
-0.539825,0.07678
-0.808929,0.0768027
-0.869873,0.0768254
-0.635529,0.0768481
-0.278809,0.0768707
-0.0752563,0.0768934
-0.152008,0.0769161
-0.372681,0.0769388
-0.463501,0.0769615
-0.265167,0.0769841
0.119751,0.0770068
0.419128,0.0770295
0.43866,0.0770522
0.237885,0.0770748
0.0743103,0.0770975
0.166229,0.0771202
0.491577,0.0771429
0.806976,0.0771655
0.869202,0.0771882
0.65683,0.0772109
0.38913,0.0772336
0.324921,0.0772562
0.525543,0.0772789
0.798584,0.0773016
0.874237,0.0773243
0.652435,0.0773469
0.295074,0.0773696
0.0787354,0.0773923
0.14267,0.077415
0.362518,0.0774376
0.465485,0.0774603
0.281403,0.077483
-0.100159,0.0775057
-0.410095,0.0775283
-0.444519,0.077551
-0.249481,0.0775737
-0.0774536,0.0775964
-0.154755,0.077619
-0.473083,0.0776417
-0.795868,0.0776644
-0.873596,0.0776871
-0.671204,0.0777097
-0.399353,0.0777324
-0.321198,0.0777551
-0.511444,0.0777778
-0.78772,0.0778005
-0.877808,0.0778231
-0.668945,0.0778458
-0.311737,0.0778685
-0.0830078,0.0778912
-0.133759,0.0779138
-0.35202,0.0779365
-0.466705,0.0779592
-0.297089,0.0779819
0.0803528,0.0780045
0.40033,0.0780272
0.449738,0.0780499
0.261139,0.0780726
0.0812988,0.0780952
0.143951,0.0781179
0.45459,0.0781406
0.784058,0.0781633
0.877228,0.0781859
0.685394,0.0782086
0.410095,0.0782313
0.318237,0.078254
0.497559,0.0782766
0.776337,0.0782993
0.880554,0.078322
0.685089,0.0783447
0.328735,0.0783673
0.0880432,0.07839
0.125305,0.0784127
0.341248,0.0784354
0.467163,0.078458
0.312225,0.0784807
-0.0603943,0.0785034
-0.389801,0.0785261
-0.454315,0.0785488
-0.272797,0.0785714
-0.0857544,0.0785941
-0.13382,0.0786168
-0.436127,0.0786395
-0.771637,0.0786621
-0.880096,0.0786848
-0.699341,0.0787075
-0.421326,0.0787302
-0.315979,0.0787528
-0.483978,0.0787755
-0.764496,0.0787982
-0.882507,0.0788209
-0.700775,0.0788435
-0.346039,0.0788662
-0.093811,0.0788889
-0.11734,0.0789116
-0.330231,0.0789342
-0.466858,0.0789569
-0.326782,0.0789796
0.0403442,0.0790023
0.378571,0.0790249
0.458252,0.0790476
0.284485,0.0790703
0.0908813,0.079093
0.12439,0.0791156
0.417786,0.0791383
0.758575,0.079161
0.882172,0.0791837
0.713043,0.0792063
0.433044,0.079229
0.314484,0.0792517
0.470703,0.0792744
0.752197,0.0792971
0.883636,0.0793197
0.716003,0.0793424
0.363647,0.0793651
0.100342,0.0793878
0.109894,0.0794104
0.319,0.0794331
0.46579,0.0794558
0.340698,0.0794785
-0.0201721,0.0795011
-0.366608,0.0795238
-0.461456,0.0795465
-0.296082,0.0795692
-0.0966492,0.0795918
-0.115631,0.0796145
-0.399567,0.0796372
-0.744934,0.0796599
-0.883453,0.0796825
-0.72644,0.0797052
-0.44519,0.0797279
-0.313721,0.0797506
-0.457764,0.0797732
-0.739502,0.0797959
-0.883942,0.0798186
-0.730743,0.0798413
-0.3815,0.0798639
-0.107635,0.0798866
-0.102966,0.0799093
-0.307617,0.079932
-0.463989,0.0799546
-0.354004,0.0799773
0,0.08
0.354004,0.0800227
0.463989,0.0800453
0.307617,0.080068
0.102966,0.0800907
0.107635,0.0801134
0.3815,0.0801361
0.730743,0.0801587
0.883942,0.0801814
0.739502,0.0802041
0.457764,0.0802268
0.313721,0.0802494
0.44519,0.0802721
0.72644,0.0802948
0.883453,0.0803175
0.744934,0.0803401
0.399567,0.0803628
0.115631,0.0803855
0.0966492,0.0804082
0.296082,0.0804308
0.461456,0.0804535
0.366608,0.0804762
0.0201721,0.0804989
-0.340698,0.0805215
-0.46579,0.0805442
-0.319,0.0805669
-0.109894,0.0805896
-0.100342,0.0806122
-0.363647,0.0806349
-0.716003,0.0806576
-0.883636,0.0806803
-0.752197,0.0807029
-0.470703,0.0807256
-0.314484,0.0807483
-0.433044,0.080771
-0.713043,0.0807936
-0.882172,0.0808163
-0.758575,0.080839
-0.417786,0.0808617
-0.12439,0.0808844
-0.0908813,0.080907
-0.284485,0.0809297
-0.458252,0.0809524
-0.378571,0.0809751
-0.0403442,0.0809977
0.326782,0.0810204
0.466858,0.0810431
0.330231,0.0810658
0.11734,0.0810884
0.093811,0.0811111
0.346039,0.0811338
0.700775,0.0811565
0.882507,0.0811791
0.764496,0.0812018
0.483978,0.0812245
0.315979,0.0812472
0.421326,0.0812698
0.699341,0.0812925
0.880096,0.0813152
0.771637,0.0813379
0.436127,0.0813605
0.13382,0.0813832
0.0857544,0.0814059
0.272797,0.0814286
0.454315,0.0814512
0.389801,0.0814739
0.0603943,0.0814966
-0.312225,0.0815193
-0.467163,0.0815419
-0.341248,0.0815646
-0.125305,0.0815873
-0.0880432,0.08161
-0.328735,0.0816327
-0.685089,0.0816553
-0.880554,0.081678
-0.776337,0.0817007
-0.497559,0.0817234
-0.318237,0.081746
-0.410095,0.0817687
-0.685394,0.0817914
-0.877228,0.0818141
-0.784058,0.0818367
-0.45459,0.0818594
-0.143951,0.0818821
-0.0812988,0.0819048
-0.261139,0.0819274
-0.449738,0.0819501
-0.40033,0.0819728
-0.0803528,0.0819955
0.297089,0.0820181
0.466705,0.0820408
0.35202,0.0820635
0.133759,0.0820862
0.0830078,0.0821088
0.311737,0.0821315
0.668945,0.0821542
0.877808,0.0821769
0.78772,0.0821995
0.511444,0.0822222
0.321198,0.0822449
0.399353,0.0822676
0.671204,0.0822902
0.873596,0.0823129
0.795868,0.0823356
0.473083,0.0823583
0.154755,0.082381
0.0774536,0.0824036
0.249481,0.0824263
0.444519,0.082449
0.410095,0.0824717
0.100159,0.0824943
-0.281403,0.082517
-0.465485,0.0825397
-0.362518,0.0825624
-0.14267,0.082585
-0.0787354,0.0826077
-0.295074,0.0826304
-0.652435,0.0826531
-0.874237,0.0826757
-0.798584,0.0826984
-0.525543,0.0827211
-0.324921,0.0827438
-0.38913,0.0827664
-0.65683,0.0827891
-0.869202,0.0828118
-0.806976,0.0828345
-0.491577,0.0828571
-0.166229,0.0828798
-0.0743103,0.0829025
-0.237885,0.0829252
-0.43866,0.0829478
-0.419128,0.0829705
-0.119751,0.0829932
0.265167,0.0830159
0.463501,0.0830385
0.372681,0.0830612
0.152008,0.0830839
0.0752563,0.0831066
0.278809,0.0831292
0.635529,0.0831519
0.869873,0.0831746
0.808929,0.0831973
0.539825,0.08322
0.329376,0.0832426
0.379486,0.0832653
0.642334,0.083288
0.864075,0.0833107
0.817444,0.0833333
0.510071,0.083356
0.178314,0.0833787
0.0718689,0.0834014
0.22641,0.083424
0.43219,0.0834467
0.427429,0.0834694
0.13913,0.0834921
-0.248413,0.0835147
-0.460693,0.0835374
-0.382507,0.0835601
-0.161743,0.0835828
-0.0725098,0.0836054
-0.262939,0.0836281
-0.618286,0.0836508
-0.864685,0.0836735
-0.818695,0.0836961
-0.554291,0.0837188
-0.334534,0.0837415
-0.370422,0.0837642
-0.627686,0.0837868
-0.858215,0.0838095
-0.827179,0.0838322
-0.528503,0.0838549
-0.19104,0.0838775
-0.0701294,0.0839002
-0.215057,0.0839229
-0.425171,0.0839456
-0.434937,0.0839683
-0.158234,0.0839909
0.231201,0.0840136
0.457123,0.0840363
0.391937,0.084059
0.171814,0.0840816
0.0705261,0.0841043
0.247559,0.084127
0.600769,0.0841497
0.858734,0.0841723
0.827881,0.084195
0.568878,0.0842177
0.340363,0.0842404
0.361938,0.084263
0.613007,0.0842857
0.851624,0.0843084
0.836182,0.0843311
0.546814,0.0843537
0.204346,0.0843764
0.0691223,0.0843991
0.203888,0.0844218
0.417603,0.0844444
0.44165,0.0844671
0.177002,0.0844898
-0.213531,0.0845125
-0.452759,0.0845351
-0.40097,0.0845578
-0.18222,0.0845805
-0.0693054,0.0846032
-0.232635,0.0846258
-0.583008,0.0846485
-0.85199,0.0846712
-0.836456,0.0846939
-0.583557,0.0847166
-0.346893,0.0847392
-0.354095,0.0847619
-0.598267,0.0847846
-0.844391,0.0848073
-0.844452,0.0848299
-0.565002,0.0848526
-0.218231,0.0848753
-0.0688477,0.084898
-0.192932,0.0849206
-0.409515,0.0849433
-0.447601,0.084966
-0.195465,0.0849887
0.195465,0.0850113
0.447601,0.085034
0.409515,0.0850567
0.192932,0.0850794
0.0688477,0.085102
0.218231,0.0851247
0.565002,0.0851474
0.844452,0.0851701
0.844391,0.0851927
0.598267,0.0852154
0.354095,0.0852381
0.346893,0.0852608
0.583557,0.0852834
0.836456,0.0853061
0.85199,0.0853288
0.583008,0.0853515
0.232635,0.0853741
0.0693054,0.0853968
0.18222,0.0854195
0.40097,0.0854422
0.452759,0.0854649
0.213531,0.0854875
-0.177002,0.0855102
-0.44165,0.0855329
-0.417603,0.0855556
-0.203888,0.0855782
-0.0691223,0.0856009
-0.204346,0.0856236
-0.546814,0.0856463
-0.836182,0.0856689
-0.851624,0.0856916
-0.613007,0.0857143
-0.361938,0.085737
-0.340363,0.0857596
-0.568878,0.0857823
-0.827881,0.085805
-0.858734,0.0858277
-0.600769,0.0858503
-0.247559,0.085873
-0.0705261,0.0858957
-0.171814,0.0859184
-0.391937,0.085941
-0.457123,0.0859637
-0.231201,0.0859864
0.158234,0.0860091
0.434937,0.0860317
0.425171,0.0860544
0.215057,0.0860771
0.0701294,0.0860998
0.19104,0.0861224
0.528503,0.0861451
0.827179,0.0861678
0.858215,0.0861905
0.627686,0.0862131
0.370422,0.0862358
0.334534,0.0862585
0.554291,0.0862812
0.818695,0.0863039
0.864685,0.0863265
0.618286,0.0863492
0.262939,0.0863719
0.0725098,0.0863946
0.161743,0.0864172
0.382507,0.0864399
0.460693,0.0864626
0.248413,0.0864853
-0.13913,0.0865079
-0.427429,0.0865306
-0.43219,0.0865533
-0.22641,0.086576
-0.0718689,0.0865986
-0.178314,0.0866213
-0.510071,0.086644
-0.817444,0.0866667
-0.864075,0.0866893
-0.642334,0.086712
-0.379486,0.0867347
-0.329376,0.0867574
-0.539825,0.08678
-0.808929,0.0868027
-0.869873,0.0868254
-0.635529,0.0868481
-0.278809,0.0868707
-0.0752563,0.0868934
-0.152008,0.0869161
-0.372681,0.0869388
-0.463501,0.0869614
-0.265167,0.0869841
0.119751,0.0870068
0.419128,0.0870295
0.43866,0.0870522
0.237885,0.0870748
0.0743103,0.0870975
0.166229,0.0871202
0.491577,0.0871429
0.806976,0.0871655
0.869202,0.0871882
0.65683,0.0872109
0.38913,0.0872336
0.324921,0.0872562
0.525543,0.0872789
0.798584,0.0873016
0.874237,0.0873243
0.652435,0.0873469
0.295074,0.0873696
0.0787354,0.0873923
0.14267,0.087415
0.362518,0.0874376
0.465485,0.0874603
0.281403,0.087483
-0.100159,0.0875057
-0.410095,0.0875283
-0.444519,0.087551
-0.249481,0.0875737
-0.0774536,0.0875964
-0.154755,0.0876191
-0.473083,0.0876417
-0.795868,0.0876644
-0.873596,0.0876871
-0.671204,0.0877097
-0.399353,0.0877324
-0.321198,0.0877551
-0.511444,0.0877778
-0.78772,0.0878005
-0.877808,0.0878231
-0.668945,0.0878458
-0.311737,0.0878685
-0.0830078,0.0878912
-0.133759,0.0879138
-0.35202,0.0879365
-0.466705,0.0879592
-0.297089,0.0879819
0.0803528,0.0880045
0.40033,0.0880272
0.449738,0.0880499
0.261139,0.0880726
0.0812988,0.0880952
0.143951,0.0881179
0.45459,0.0881406
0.784058,0.0881633
0.877228,0.0881859
0.685394,0.0882086
0.410095,0.0882313
0.318237,0.088254
0.497559,0.0882766
0.776337,0.0882993
0.880554,0.088322
0.685089,0.0883447
0.328735,0.0883674
0.0880432,0.08839
0.125305,0.0884127
0.341248,0.0884354
0.467163,0.088458
0.312225,0.0884807
-0.0603943,0.0885034
-0.389801,0.0885261
-0.454315,0.0885487
-0.272797,0.0885714
-0.0857544,0.0885941
-0.13382,0.0886168
-0.436127,0.0886395
-0.771637,0.0886621
-0.880096,0.0886848
-0.699341,0.0887075
-0.421326,0.0887302
-0.315979,0.0887528
-0.483978,0.0887755
-0.764496,0.0887982
-0.882507,0.0888209
-0.700775,0.0888435
-0.346039,0.0888662
-0.093811,0.0888889
-0.11734,0.0889116
-0.330231,0.0889342
-0.466858,0.0889569
-0.326782,0.0889796
0.0403442,0.0890023
0.378571,0.0890249
0.458252,0.0890476
0.284485,0.0890703
0.0908813,0.089093
0.12439,0.0891156
0.417786,0.0891383
0.758575,0.089161
0.882172,0.0891837
0.713043,0.0892064
0.433044,0.089229
0.314484,0.0892517
0.470703,0.0892744
0.752197,0.089297
0.883636,0.0893197
0.716003,0.0893424
0.363647,0.0893651
0.100342,0.0893878
0.109894,0.0894104
0.319,0.0894331
0.46579,0.0894558
0.340698,0.0894785
-0.0201721,0.0895011
-0.366608,0.0895238
-0.461456,0.0895465
-0.296082,0.0895692
-0.0966492,0.0895918
-0.115631,0.0896145
-0.399567,0.0896372
-0.744934,0.0896599
-0.883453,0.0896825
-0.72644,0.0897052
-0.44519,0.0897279
-0.313721,0.0897506
-0.457764,0.0897732
-0.739502,0.0897959
-0.883942,0.0898186
-0.730743,0.0898413
-0.3815,0.0898639
-0.107635,0.0898866
-0.102966,0.0899093
-0.307617,0.089932
-0.463989,0.0899547
-0.354004,0.0899773
0,0.09
0.35318,0.0900227
0.461884,0.0900453
0.305511,0.090068
0.102051,0.0900907
0.106415,0.0901134
0.376312,0.0901361
0.719147,0.0901587
0.86792,0.0901814
0.724426,0.0902041
0.447357,0.0902268
0.305908,0.0902494
0.433075,0.0902721
0.705017,0.0902948
0.855408,0.0903175
0.719604,0.0903401
0.385071,0.0903628
0.111176,0.0903855
0.0926819,0.0904082
0.283325,0.0904308
0.440552,0.0904535
0.349152,0.0904762
0.019165,0.0904989
-0.322937,0.0905215
-0.44043,0.0905442
-0.300903,0.0905669
-0.103394,0.0905896
-0.0942078,0.0906122
-0.340576,0.0906349
-0.668915,0.0906576
-0.823517,0.0906803
-0.69931,0.090703
-0.436523,0.0907256
-0.290955,0.0907483
-0.399658,0.090771
-0.656464,0.0907937
-0.81015,0.0908163
-0.694916,0.090839
-0.381775,0.0908617
-0.113373,0.0908844
-0.0826416,0.090907
-0.258026,0.0909297
-0.414612,0.0909524
-0.341644,0.0909751
-0.0363159,0.0909977
0.293427,0.0910204
0.418152,0.0910431
0.295044,0.0910658
0.104553,0.0910884
0.0834045,0.0911111
0.306824,0.0911338
0.619751,0.0911565
0.778442,0.0911791
0.672607,0.0912018
0.424713,0.0912245
0.276581,0.0912472
0.367828,0.0912698
0.608948,0.0912925
0.764343,0.0913152
0.668396,0.0913379
0.376801,0.0913605
0.115295,0.0913832
0.0737,0.0914059
0.233826,0.0914286
0.388397,0.0914513
0.332336,0.0914739
0.0513611,0.0914966
-0.264801,0.0915193
-0.395142,0.091542
-0.287842,0.0915646
-0.105408,0.0915873
-0.0738525,0.09161
-0.275055,0.0916327
-0.571686,0.0916553
-0.732788,0.091678
-0.644318,0.0917007
-0.411804,0.0917234
-0.262665,0.091746
-0.337555,0.0917687
-0.562622,0.0917914
-0.718109,0.0918141
-0.640045,0.0918367
-0.370056,0.0918594
-0.116852,0.0918821
-0.0657959,0.0919048
-0.210785,0.0919274
-0.36203,0.0919501
-0.32135,0.0919728
-0.0643311,0.0919955
0.237152,0.0920181
0.37146,0.0920408
0.279388,0.0920635
0.105835,0.0920862
0.0654907,0.0921088
0.24527,0.0921315
0.524841,0.0921542
0.686707,0.0921769
0.614441,0.0921995
0.397766,0.0922222
0.249115,0.0922449
0.308777,0.0922676
0.517487,0.0922903
0.671539,0.0923129
0.609985,0.0923356
0.361511,0.0923583
0.11792,0.092381
0.0588379,0.0924036
0.188934,0.0924263
0.335632,0.092449
0.308746,0.0924717
0.0751648,0.0924943
-0.210571,0.092517
-0.34726,0.0925397
-0.269623,0.0925624
-0.105774,0.092585
-0.058197,0.0926077
-0.217468,0.0926304
-0.47934,0.0926531
-0.64032,0.0926757
-0.583099,0.0926984
-0.382538,0.0927211
-0.235779,0.0927438
-0.281494,0.0927664
-0.473633,0.0927891
-0.624817,0.0928118
-0.578247,0.0928345
-0.351135,0.0928571
-0.118347,0.0928798
-0.0527344,0.0929025
-0.168304,0.0929252
-0.309357,0.0929478
-0.294647,0.0929705
-0.0839233,0.0929932
0.185181,0.0930159
0.322662,0.0930386
0.258606,0.0930612
0.105133,0.0930839
0.0518799,0.0931066
0.191559,0.0931293
0.435211,0.0931519
0.593719,0.0931746
0.550293,0.0931973
0.365997,0.09322
0.222565,0.0932426
0.255554,0.0932653
0.431122,0.093288
0.578003,0.0933107
0.544952,0.0933333
0.338898,0.093356
0.118073,0.0933787
0.0474243,0.0934014
0.148865,0.093424
0.283234,0.0934467
0.279144,0.0934694
0.0905457,0.0934921
-0.161102,0.0935147
-0.297729,0.0935374
-0.246338,0.0935601
-0.10379,0.0935828
-0.0463562,0.0936054
-0.167542,0.0936281
-0.392578,0.0936508
-0.547058,0.0936735
-0.516083,0.0936961
-0.348175,0.0937188
-0.209351,0.0937415
-0.230988,0.0937642
-0.389984,0.0937869
-0.531281,0.0938095
-0.510193,0.0938322
-0.324768,0.0938549
-0.116974,0.0938776
-0.0427856,0.0939002
-0.130676,0.0939229
-0.257416,0.0939456
-0.262329,0.0939683
-0.0950623,0.0939909
0.138397,0.0940136
0.272614,0.0940363
0.232849,0.094059
0.101685,0.0940816
0.0415955,0.0941043
0.145386,0.094127
0.351471,0.0941497
0.500427,0.0941723
0.480591,0.094195
0.328949,0.0942177
0.196045,0.0942404
0.207642,0.094263
0.350281,0.0942857
0.484711,0.0943084
0.47403,0.0943311
0.308746,0.0943537
0.114929,0.0943764
0.0387268,0.0943991
0.113739,0.0944218
0.231995,0.0944444
0.244354,0.0944671
0.0975342,0.0944898
-0.117188,0.0945125
-0.247437,0.0945351
-0.218201,0.0945578
-0.0987549,0.0945805
-0.0374146,0.0946032
-0.125031,0.0946259
-0.311981,0.0946485
-0.45401,0.0946712
-0.443817,0.0946939
-0.308319,0.0947166
-0.182495,0.0947392
-0.185486,0.0947619
-0.312012,0.0947846
-0.438477,0.0948073
-0.436584,0.0948299
-0.290833,0.0948526
-0.111847,0.0948753
-0.0351257,0.094898
-0.0979919,0.0949206
-0.207092,0.0949433
-0.225311,0.094966
-0.0979614,0.0949887
0.0975037,0.0950113
0.22229,0.095034
0.202454,0.0950567
0.0949402,0.0950794
0.0337219,0.095102
0.106384,0.0951247
0.27417,0.0951474
0.407867,0.0951701
0.405914,0.0951927
0.286255,0.0952154
0.16861,0.0952381
0.164398,0.0952608
0.275238,0.0952834
0.392609,0.0953061
0.39798,0.0953288
0.270996,0.0953515
0.107605,0.0953742
0.0318909,0.0953968
0.0834656,0.0954195
0.182739,0.0954422
0.205322,0.0954649
0.096344,0.0954875
-0.0794678,0.0955102
-0.197296,0.0955329
-0.185608,0.0955556
-0.0901489,0.0955782
-0.0303955,0.0956009
-0.0894165,0.0956236
-0.238068,0.0956463
-0.362152,0.0956689
-0.366913,0.0956916
-0.262726,0.0957143
-0.154297,0.095737
-0.144318,0.0957596
-0.239929,0.0957823
-0.34729,0.095805
-0.358276,0.0958277
-0.249298,0.0958503
-0.102173,0.095873
-0.0289612,0.0958957
-0.0701294,0.0959184
-0.159088,0.095941
-0.184509,0.0959637
-0.092804,0.0959864
0.0631409,0.0960091
0.172577,0.0960317
0.167755,0.0960544
0.0843506,0.0960771
0.0273438,0.0960998
0.0740662,0.0961225
0.203735,0.0961451
0.316986,0.0961678
0.326935,0.0961905
0.237701,0.0962132
0.139435,0.0962358
0.125153,0.0962585
0.206146,0.0962812
0.302612,0.0963039
0.317627,0.0963265
0.225739,0.0963492
0.0953979,0.0963719
0.0261536,0.0963946
0.0579529,0.0964172
0.136169,0.0964399
0.162964,0.0964626
0.0873108,0.0964853
-0.048584,0.0965079
-0.148285,0.0965306
-0.148956,0.0965533
-0.0775146,0.096576
-0.0244446,0.0965986
-0.0602417,0.0966213
-0.171173,0.096644
-0.272491,0.0966667
-0.286072,0.0966893
-0.211182,0.096712
-0.123901,0.0967347
-0.106812,0.0967574
-0.173828,0.09678
-0.258636,0.0968027
-0.276154,0.0968254
-0.200317,0.0968481
-0.0872498,0.0968708
-0.0233765,0.0968934
-0.046875,0.0969161
-0.114075,0.0969388
-0.140839,0.0969615
-0.0799561,0.0969841
0.0358582,0.0970068
0.124512,0.0970295
0.129303,0.0970522
0.0695801,0.0970748
0.0215759,0.0970975
0.0478821,0.0971202
0.140442,0.0971429
0.228729,0.0971655
0.244415,0.0971882
0.183197,0.0972109
0.107666,0.0972336
0.0891418,0.0972562
0.143005,0.0972789
0.215485,0.0973016
0.233917,0.0973243
0.173096,0.0973469
0.0776062,0.0973696
0.0205383,0.0973923
0.0368652,0.097415
0.0928955,0.0974376
0.118225,0.0974603
0.0708313,0.097483
-0.0249939,0.0975057
-0.101379,0.0975283
-0.108856,0.097551
-0.0605164,0.0975737
-0.0186157,0.0975964
-0.0368347,0.097619
-0.111572,0.0976417
-0.185883,0.0976644
-0.202057,0.0976871
-0.153717,0.0977098
-0.0905457,0.0977324
-0.072113,0.0977551
-0.113647,0.0977778
-0.173248,0.0978005
-0.191071,0.0978231
-0.144104,0.0978458
-0.0664368,0.0978685
-0.0175171,0.0978912
-0.0278931,0.0979138
-0.0726318,0.0979365
-0.0952454,0.0979592
-0.059967,0.0979819
0.0160217,0.0980045
0.0789795,0.0980272
0.0877075,0.0980499
0.0503235,0.0980726
0.0154724,0.0980952
0.0270996,0.0981179
0.0845337,0.0981406
0.144012,0.0981633
0.159149,0.0981859
0.122772,0.0982086
0.0725403,0.0982313
0.0555725,0.098254
0.0857544,0.0982766
0.132019,0.0982993
0.147766,0.098322
0.113403,0.0983447
0.0536804,0.0983673
0.0141602,0.09839
0.0198975,0.0984127
0.0534058,0.0984354
0.0720215,0.0984581
0.0474243,0.0984807
-0.0090332,0.0985034
-0.0574646,0.0985261
-0.0659485,0.0985488
-0.0389709,0.0985714
-0.0120544,0.0985941
-0.0185242,0.0986168
-0.0593262,0.0986395
-0.103241,0.0986621
-0.115753,0.0986848
-0.0903931,0.0987075
-0.0534973,0.0987302
-0.0393982,0.0987528
-0.0592651,0.0987755
-0.0918884,0.0987982
-0.104065,0.0988209
-0.0810547,0.0988435
-0.0392456,0.0988662
-0.010437,0.0988889
-0.0127563,0.0989116
-0.0351868,0.0989342
-0.0487061,0.0989569
-0.0333557,0.0989796
0.00402832,0.0990023
0.0369263,0.0990249
0.0436401,0.0990476
0.0264587,0.0990703
0.00823975,0.099093
0.0109863,0.0991156
0.0360107,0.0991383
0.0636597,0.099161
0.0720215,0.0991837
0.0565796,0.0992064
0.0333862,0.099229
0.0235291,0.0992517
0.0341492,0.0992744
0.052887,0.0992971
0.0601196,0.0993197
0.0470886,0.0993424
0.0231018,0.0993651
0.00613403,0.0993878
0.00646973,0.0994104
0.0180969,0.0994331
0.0253601,0.0994558
0.0177612,0.0994785
-0.00100708,0.0995011
-0.0174561,0.0995238
-0.0209351,0.0995465
-0.0127563,0.0995692
-0.00393677,0.0995918
-0.00445557,0.0996145
-0.0144958,0.0996372
-0.0253296,0.0996599
-0.0280457,0.0996825
-0.0214233,0.0997052
-0.0121155,0.0997279
-0.0078125,0.0997506
-0.010376,0.0997732
-0.0151062,0.0997959
-0.0160217,0.0998186
-0.0115967,0.0998413
-0.00518799,0.0998639
-0.0012207,0.0998866
-0.000946045,0.0999093
-0.00210571,0.099932
-0.00210571,0.0999546
-0.000793457,0.0999773
0,0.1
