6.28319,4.69478
12.5664,4.69608
18.8496,4.69722
25.1327,4.69389
31.4159,4.70659
37.6991,4.69264
43.9823,4.70875
50.2655,4.70834
56.5487,4.69828
62.8318,4.72834
69.115,4.70145
75.3982,4.7278
81.6814,4.7254
87.9646,4.72364
94.2478,4.73873
100.531,4.74078
106.814,4.74188
113.097,4.75289
119.381,4.76948
125.664,4.7414
131.947,4.80502
138.23,4.75531
144.513,4.79515
150.796,4.81795
157.08,4.76678
163.363,4.85989
169.646,4.79501
175.929,4.84449
182.212,4.85687
188.496,4.84108
194.779,4.87667
201.062,4.88374
207.345,4.88986
213.628,4.89907
219.912,4.95102
226.195,4.88146
232.478,5.0013
238.761,4.93346
245.044,4.96399
251.327,5.04998
257.611,4.92984
263.894,5.09622
270.177,5.00735
276.46,5.05593
282.743,5.10924
289.027,5.06644
295.31,5.12825
301.593,5.14173
307.876,5.15901
314.159,5.15307
320.442,5.26385
326.726,5.14061
333.009,5.31364
339.292,5.25945
345.575,5.23563
351.858,5.43552
358.141,5.21854
364.425,5.46163
370.708,5.37797
376.991,5.39024
383.274,5.5201
389.557,5.43654
395.84,5.535
402.124,5.54853
408.407,5.59192
414.69,5.55223
420.973,5.75361
427.256,5.56672
433.539,5.78212
439.823,5.79449
446.106,5.65265
452.389,6.03041
458.672,5.69444
464.955,6.00641
471.239,5.97754
477.522,5.90448
483.805,6.15457
490.088,6.02335
496.371,6.15407
502.654,6.18925
508.938,6.28174
515.221,6.17543
521.504,6.51222
527.787,6.26364
534.07,6.48451
540.354,6.66665
546.637,6.29721
552.92,6.95693
559.203,6.48222
565.486,6.83278
571.77,6.95926
578.053,6.71203
584.336,7.16369
590.619,6.97348
596.902,7.14999
603.186,7.20874
609.469,7.40843
615.752,7.17962
622.035,7.73186
628.318,7.44715
634.602,7.58306
640.885,8.15196
647.168,7.34572
653.451,8.48142
659.734,7.86216
666.018,8.16093
672.301,8.67136
678.584,8.06609
684.867,8.88634
691.15,8.63037
697.434,8.87563
703.717,8.97353
710,9.42307
716.283,8.95132
722.566,9.8885
728.85,9.68415
735.133,9.46054
741.416,11.0006
747.699,9.23927
753.982,11.3236
760.266,10.6265
766.549,10.5516
772.832,12.1352
779.115,10.6554
785.398,12.3167
791.682,12.0129
797.965,12.3971
804.248,12.5848
810.531,13.7794
816.815,12.7059
823.098,14.5422
829.381,15.027
835.664,13.2294
841.947,18.1375
848.231,13.4694
854.514,18.2941
860.797,18.1829
867.08,15.8902
873.363,22.0759
879.647,17.2
885.93,22.0809
892.213,22.0666
898.496,22.9895
904.779,23.5131
911.063,29.1321
917.346,25.3114
923.629,31.6552
929.912,40.3677
936.195,22.3132
942.479,60.0679
948.762,33.0383
955.045,64.6275
961.328,87.8957
967.611,32.6424
973.895,160.965
980.178,78.2983
986.461,252.464
992.744,502.78
999.027,1298.99
1005.31,827.604
1011.59,117.515
1017.88,194.184
1024.16,138.283
1030.44,45.0659
1036.73,106.241
1043.01,26.3138
1049.29,61.1928
1055.58,47.8476
1061.86,25.1336
1068.14,43.6223
1074.43,20.4346
1080.71,29.5175
1086.99,24.622
1093.28,21.2653
1099.56,20.9172
1105.84,20.5883
1112.12,17.2303
1118.41,17.5384
1124.69,18.3361
1130.97,12.4236
1137.26,18.0878
1143.54,12.139
1149.82,14.0817
1156.11,14.3927
1162.39,10.137
1168.67,13.7976
1174.96,10.197
1181.24,11.1693
1187.52,10.7891
1193.81,9.78615
1200.09,9.72854
1206.37,9.65851
1212.66,8.92962
1218.94,8.57938
1225.22,9.30852
1231.51,7.16745
1237.79,8.98452
1244.07,7.39831
1250.36,7.38752
1256.64,8.11246
1262.92,6.21394
1269.21,7.64285
1275.49,6.47013
1281.77,6.53426
1288.05,6.60917
1294.34,6.10583
1300.62,6.07369
1306.9,6.02835
1313.19,5.81009
1319.47,5.44347
1325.75,5.97709
1332.04,4.89962
1338.32,5.65762
1344.6,5.15427
1350.89,4.79797
1357.17,5.42867
1363.45,4.37735
1369.74,5.03926
1376.02,4.59829
1382.3,4.45265
1388.59,4.59807
1394.87,4.30129
1401.15,4.27484
1407.44,4.23105
1413.72,4.1817
1420,3.86472
1426.29,4.24729
1432.57,3.64407
1438.85,3.95997
1445.13,3.85275
1451.42,3.44967
1457.7,3.94067
1463.98,3.31526
1470.27,3.62015
1476.55,3.47534
1482.83,3.28583
1489.12,3.42014
1495.4,3.23586
1501.68,3.21276
1507.97,3.16576
1514.25,3.18332
1520.53,2.92394
1526.82,3.19088
1533.1,2.84924
1539.38,2.94465
1545.67,3.00253
1551.95,2.63464
1558.23,2.99607
1564.52,2.62354
1570.8,2.73879
1577.08,2.72941
1583.37,2.54451
1589.65,2.65194
1595.93,2.53688
1602.21,2.51297
1608.5,2.4641
1614.78,2.51102
1621.06,2.3051
1627.35,2.48306
1633.63,2.29977
1639.91,2.27683
1646.2,2.40333
1652.48,2.09464
1658.76,2.3478
1665.05,2.13548
1671.33,2.14389
1677.61,2.19724
1683.9,2.03567
1690.18,2.11421
1696.46,2.04055
1702.75,2.02262
1709.03,1.97283
1715.31,2.0274
1721.6,1.86979
1727.88,1.97856
1734.16,1.89599
1740.45,1.81216
1746.73,1.95766
1753.01,1.71407
1759.29,1.87777
1765.58,1.77144
1771.86,1.72127
1778.14,1.79875
1784.43,1.66674
1790.71,1.71842
1796.99,1.67216
1803.28,1.66084
1809.56,1.6113
1815.84,1.66322
1822.13,1.54877
1828.41,1.60322
1834.69,1.58567
1840.98,1.47404
1847.26,1.61352
1853.54,1.43178
1859.83,1.52438
1866.11,1.48824
1872.39,1.40898
1878.68,1.48957
1884.96,1.38834
1891.24,1.41659
1897.53,1.38992
1903.81,1.38168
1910.09,1.33584
1916.38,1.37975
1922.66,1.3012
1928.94,1.3162
1935.22,1.3379
1941.51,1.22045
1947.79,1.34044
1954.07,1.21296
1960.36,1.25247
1966.64,1.25961
1972.92,1.17147
1979.21,1.24348
1985.49,1.16954
1991.77,1.1807
1998.06,1.16559
2004.34,1.16108
2010.62,1.12029
2016.91,1.15333
2023.19,1.10562
2029.47,1.09009
2035.76,1.13535
2042.04,1.02524
2048.32,1.11871
2054.61,1.03841
2060.89,1.0378
2067.17,1.07139
2073.46,0.985757
2079.74,1.04361
2086.02,0.993679
2092.3,0.992922
2098.59,0.984772
2104.87,0.98062
2111.15,0.947404
2117.44,0.967858
2123.72,0.945276
2130,0.910641
2136.29,0.965907
2142.57,0.870523
2148.85,0.935622
2155.14,0.894207
2161.42,0.865239
2167.7,0.913304
2173.99,0.836896
2180.27,0.878518
2186.55,0.848994
2192.84,0.838461
2199.12,0.834688
2205.4,0.833164
2211.69,0.805696
2217.97,0.815615
2224.25,0.810449
2230.54,0.762912
2236.82,0.82579
2243.1,0.744385
2249.38,0.782288
2255.67,0.771141
2261.95,0.729736
2268.23,0.776522
2274.52,0.714892
2280.8,0.740594
2287.08,0.725491
2293.37,0.712535
2299.65,0.708857
2305.93,0.708348
2312.22,0.68783
2318.5,0.687113
2324.78,0.697198
2331.07,0.646554
2337.35,0.697742
2343.63,0.640904
2349.92,0.656359
2356.2,0.665972
2362.48,0.612891
2368.77,0.661113
2375.05,0.612962
2381.33,0.624512
2387.62,0.621615
2393.9,0.60455
2400.18,0.603018
2406.46,0.601042
2412.75,0.588014
2419.03,0.579502
2425.31,0.596652
2431.6,0.548501
2437.88,0.58968
2444.16,0.55273
2450.45,0.549113
2456.73,0.572287
2463.01,0.518592
2469.3,0.559296
2475.58,0.525565
2481.86,0.525868
2488.15,0.530004
2494.43,0.512199
2500.71,0.511819
2507,0.510081
2513.28,0.502731
2519.56,0.487318
2525.85,0.509569
2532.13,0.465551
2538.41,0.495947
2544.7,0.47593
2550.98,0.458405
2557.26,0.488735
2563.54,0.439511
2569.83,0.47044
2576.11,0.449791
2582.39,0.44176
2588.68,0.449676
2594.96,0.433648
2601.24,0.432589
2607.53,0.429574
2613.81,0.428133
2620.09,0.408084
2626.38,0.431569
2632.66,0.395279
2638.94,0.412926
2645.23,0.408768
2651.51,0.380432
2657.79,0.414062
2664.08,0.372108
2670.36,0.391658
2676.64,0.383212
2682.93,0.368813
2689.21,0.378763
2695.49,0.365557
2701.78,0.362648
2708.06,0.358358
2714.34,0.362547
2720.62,0.339302
2726.91,0.360873
2733.19,0.333843
2739.47,0.342032
2745.76,0.345883
2752.04,0.313648
2758.32,0.346582
2764.61,0.313329
2770.89,0.323054
2777.17,0.322858
2783.46,0.304595
2789.74,0.315556
2796.02,0.304699
2802.31,0.301631
2808.59,0.295897
2814.87,0.301361
2821.16,0.280719
2827.44,0.297924
2833.72,0.280583
2840.01,0.275647
2846.29,0.291012
2852.57,0.256816
2858.86,0.28395
2865.14,0.26192
2871.42,0.260822
2877.71,0.268192
2883.99,0.248604
2890.27,0.257886
2896.55,0.248522
2902.84,0.24825
2909.12,0.240642
2915.4,0.248178
2921.69,0.228103
2927.97,0.241215
2934.25,0.232081
2940.54,0.219019
2946.82,0.240294
2953.1,0.20657
2959.39,0.227797
2965.67,0.215253
2971.95,0.206404
2978.24,0.218134
2984.52,0.199925
2990.8,0.206141
2997.09,0.201404
3003.37,0.196979
3009.65,0.191098
3015.94,0.198183
3022.22,0.18178
3028.5,0.189248
3034.79,0.187465
3041.07,0.168998
3047.35,0.191323
3053.63,0.16291
3059.92,0.177012
3066.2,0.171928
3072.48,0.158195
3078.77,0.171637
3085.05,0.155371
3091.33,0.159683
3097.62,0.156472
3103.9,0.151602
3110.18,0.145398
3116.47,0.152468
3122.75,0.139917
3129.03,0.141195
3135.32,0.146141
3141.6,0.124432
3147.88,0.145867
3154.17,0.123993
3160.45,0.129701
3166.73,0.13199
3173.02,0.114767
3179.3,0.128153
3185.58,0.1148
3191.87,0.11646
3198.15,0.112854
3204.43,0.112978
3210.71,0.103559
3217,0.111434
3223.28,0.101673
3229.56,0.0976258
3235.85,0.108053
3242.13,0.0839545
3248.41,0.103992
3254.7,0.0888051
3260.98,0.085198
3267.26,0.0950403
3273.55,0.0756211
3279.83,0.088412
3286.11,0.0768531
3292.4,0.0767983
3298.68,0.0753853
3304.96,0.0746243
3311.25,0.0669906
3317.53,0.0710609
3323.81,0.0666941
3330.1,0.0578516
3336.38,0.0711171
3342.66,0.0489623
3348.95,0.0639505
3355.23,0.0554418
3361.51,0.0467933
3367.79,0.0591673
3374.08,0.040261
3380.36,0.0498506
3386.64,0.0430748
3392.93,0.0387507
3399.21,0.0392629
3405.49,0.0403233
3411.78,0.0322827
3418.06,0.0349722
3424.34,0.0340915
3430.63,0.0215908
3436.91,0.036803
3443.19,0.0172906
3449.48,0.0273334
3455.76,0.024248
3462.04,0.0103396
3468.33,0.0259589
3474.61,0.0105989
3480.89,0.0171395
3487.18,0.0118577
3493.46,0.0105129
3499.74,0.00257175
3506.03,0.00394753
3512.31,0.00538979
3518.59,0.00541987
3524.88,0.00574558
3531.16,0.0134718
3537.44,0.00392653
3543.72,0.0168745
3550.01,0.014075
3556.29,0.0103581
3562.57,0.023712
3568.86,0.0089197
3575.14,0.0238445
3581.42,0.0198116
3587.71,0.020669
3593.99,0.0262681
3600.27,0.0264823
3606.56,0.0265394
3612.84,0.0306301
3619.12,0.0347724
3625.41,0.0279672
3631.69,0.0440021
3637.97,0.0313
3644.26,0.0428188
3650.54,0.0452576
3656.82,0.0358568
3663.11,0.0541997
3669.39,0.0406748
3675.67,0.0516816
3681.96,0.0523754
3688.24,0.0500128
3694.52,0.0571105
3700.8,0.0561744
3707.09,0.0571743
3713.37,0.0590324
3719.65,0.065599
3725.94,0.0572337
3732.22,0.0728011
3738.5,0.0632646
3744.79,0.0691578
3751.07,0.0771617
3757.35,0.0643898
3763.64,0.082822
3769.92,0.0716814
3776.2,0.0788023
3782.49,0.0820484
3788.77,0.0790412
3795.05,0.0847412
3801.34,0.0856874
3807.62,0.0869384
3813.9,0.0874711
3820.19,0.0957642
3826.47,0.0858568
3832.75,0.100413
3839.04,0.0940478
3845.32,0.0948646
3851.6,0.10714
3857.88,0.0928214
3864.17,0.109957
3870.45,0.102732
3876.73,0.105354
3883.02,0.112393
3889.3,0.107215
3895.58,0.113734
3901.87,0.112644
3908.15,0.114868
3914.43,0.113818
3920.72,0.123444
3927,0.1144
3933.28,0.126281
3939.57,0.124913
3945.85,0.120954
3952.13,0.136452
3958.42,0.121272
3964.7,0.136076
3970.98,0.129308
3977.27,0.132692
3983.55,0.141155
3989.83,0.134739
3996.12,0.14047
4002.4,0.139412
4008.68,0.142907
4014.96,0.140438
4021.25,0.151166
4027.53,0.142917
4033.81,0.151123
4040.1,0.154895
4046.38,0.146066
4052.66,0.162943
4058.95,0.149505
4065.23,0.160312
4071.51,0.161502
4077.8,0.156791
4084.08,0.166908
4090.36,0.162407
4096.65,0.167014
4102.93,0.16722
4109.21,0.170948
4115.5,0.167425
4121.78,0.177616
4128.06,0.170924
4134.35,0.175926
4140.63,0.182963
4146.91,0.171661
4153.2,0.189004
4159.48,0.178102
4165.76,0.184918
4172.04,0.190124
4178.33,0.182792
4184.61,0.193629
4190.89,0.189816
4197.18,0.192719
4203.46,0.19386
4209.74,0.198778
4216.03,0.193908
4222.31,0.203462
4228.59,0.199711
4234.88,0.200608
4241.16,0.210938
4247.44,0.198681
4253.73,0.213912
4260.01,0.207588
4266.29,0.209035
4272.58,0.218012
4278.86,0.209603
4285.14,0.218985
4291.43,0.216884
4297.71,0.218904
4303.99,0.221649
4310.28,0.226026
4316.56,0.220879
4322.84,0.229293
4329.12,0.228962
4335.41,0.224976
4341.69,0.239563
4347.97,0.225077
4354.26,0.239444
4360.54,0.236782
4366.82,0.234225
4373.11,0.246027
4379.39,0.236628
4385.67,0.245611
4391.96,0.244877
4398.24,0.246523
4404.52,0.247276
4410.81,0.252563
4417.09,0.248297
4423.37,0.254469
4429.66,0.258256
4435.94,0.250389
4442.22,0.266879
4448.51,0.253076
4454.79,0.264855
4461.07,0.266147
4467.36,0.260232
4473.64,0.272058
4479.92,0.26425
4486.21,0.27035
4492.49,0.272808
4498.77,0.274129
4505.05,0.276402
4511.34,0.279309
4517.62,0.279366
4523.9,0.278721
4530.19,0.286825
4536.47,0.277317
4542.75,0.295034
4549.04,0.283815
4555.32,0.289581
4561.6,0.296104
4567.89,0.286285
4574.17,0.301203
4580.45,0.293535
4586.74,0.298767
4593.02,0.300349
4599.3,0.301689
4605.59,0.303885
4611.87,0.30833
4618.15,0.307538
4624.44,0.306523
4630.72,0.317593
4637,0.304963
4643.29,0.32123
4649.57,0.314923
4655.85,0.314752
4662.13,0.327677
4668.42,0.31463
4674.7,0.329256
4680.98,0.324551
4687.27,0.326903
4693.55,0.33117
4699.83,0.33107
4706.12,0.330156
4712.4,0.336468
4718.68,0.339056
4724.97,0.331075
4731.25,0.348488
4737.53,0.335641
4743.82,0.349234
4750.1,0.344979
4756.38,0.343131
4762.67,0.358138
4768.95,0.344346
4775.23,0.358033
4781.52,0.354152
4787.8,0.356043
4794.08,0.359741
4800.37,0.362194
4806.65,0.362935
4812.93,0.365281
4819.21,0.37039
4825.5,0.362851
4831.78,0.379706
4838.06,0.366377
4844.35,0.376943
4850.63,0.381121
4856.91,0.370751
4863.2,0.39047
4869.48,0.376643
4875.76,0.387222
4882.05,0.388776
4888.33,0.385977
4894.61,0.393904
4900.9,0.3929
4907.18,0.393766
4913.46,0.396226
4919.75,0.403519
4926.03,0.393882
4932.31,0.411289
4938.6,0.400926
4944.88,0.406131
4951.16,0.416937
4957.45,0.401515
4963.73,0.423053
4970.01,0.410923
4976.29,0.417822
4982.58,0.423652
4988.86,0.418667
4995.14,0.426016
5001.43,0.42701
5007.71,0.429113
5013.99,0.428647
5020.28,0.439559
5026.56,0.427278
5032.84,0.444922
5039.13,0.437699
5045.41,0.437847
5051.69,0.454293
5057.98,0.43555
5064.26,0.457378
5070.54,0.448666
5076.83,0.450947
5083.11,0.460547
5089.39,0.454333
5095.68,0.461863
5101.96,0.462895
5108.24,0.465357
5114.53,0.463866
5120.81,0.476782
5127.09,0.464218
5133.38,0.479495
5139.66,0.478193
5145.94,0.471696
5152.22,0.493409
5158.51,0.473366
5164.79,0.492884
5171.07,0.489049
5177.36,0.486822
5183.64,0.50017
5189.92,0.492782
5196.21,0.50103
5202.49,0.499603
5208.77,0.506469
5215.06,0.501771
5221.34,0.517453
5227.62,0.502129
5233.91,0.518093
5240.19,0.522122
5246.47,0.50787
5252.76,0.535638
5259.04,0.514246
5265.32,0.531206
5271.61,0.533905
5277.89,0.525399
5284.17,0.54233
5290.46,0.534129
5296.74,0.543359
5303.02,0.542677
5309.3,0.549136
5315.59,0.542651
5321.87,0.559911
5328.15,0.549839
5334.44,0.55661
5340.72,0.569282
5347,0.549793
5353.29,0.579384
5359.57,0.561575
5365.85,0.572229
5372.14,0.581534
5378.42,0.569416
5384.7,0.587156
5390.99,0.581317
5397.27,0.586649
5403.55,0.590335
5409.84,0.597596
5416.12,0.589251
5422.4,0.606547
5428.69,0.601834
5434.97,0.598961
5441.25,0.623099
5447.54,0.596287
5453.82,0.626872
5460.1,0.615354
5466.38,0.617181
5472.67,0.635631
5478.95,0.618971
5485.23,0.63724
5491.52,0.635086
5497.8,0.639011
5504.08,0.638331
5510.37,0.65065
5516.65,0.639981
5522.93,0.657682
5529.22,0.657714
5535.5,0.648105
5541.78,0.680055
5548.07,0.648926
5554.35,0.680023
5560.63,0.674513
5566.92,0.667415
5573.2,0.694136
5579.48,0.673478
5585.77,0.693213
5592.05,0.691729
5598.33,0.694734
5604.62,0.698762
5610.9,0.709569
5617.18,0.701184
5623.46,0.713733
5629.75,0.722902
5636.03,0.704057
5642.31,0.742736
5648.6,0.712676
5654.88,0.737173
5661.16,0.743369
5667.45,0.725807
5673.73,0.759277
5680.01,0.738145
5686.3,0.756516
5692.58,0.757677
5698.86,0.762059
5705.15,0.761125
5711.43,0.777483
5717.71,0.770493
5724,0.776773
5730.28,0.798341
5736.56,0.766732
5742.85,0.810708
5749.13,0.791491
5755.41,0.800164
5761.7,0.818991
5767.98,0.792078
5774.26,0.837061
5780.54,0.81256
5786.83,0.827193
5793.11,0.835211
5799.39,0.836712
5805.68,0.838039
5811.96,0.852946
5818.24,0.850637
5824.53,0.848669
5830.81,0.882904
5837.09,0.843996
5843.38,0.893506
5849.66,0.874138
5855.94,0.874175
5862.23,0.912544
5868.51,0.872629
5874.79,0.917521
5881.08,0.902513
5887.36,0.909438
5893.64,0.924107
5899.93,0.925976
5906.21,0.92613
5912.49,0.941905
5918.78,0.94816
5925.06,0.933123
5931.34,0.982795
5937.62,0.935149
5943.91,0.983194
5950.19,0.979242
5956.47,0.958801
5962.76,1.01918
5969.04,0.970541
5975.32,1.01723
5981.61,1.00585
5987.89,1.00868
5994.17,1.0302
6000.46,1.0309
6006.74,1.03344
6013.02,1.04572
6019.31,1.06323
6025.59,1.03391
6031.87,1.09901
6038.16,1.04854
6044.44,1.08946
6050.72,1.10773
6057.01,1.06417
6063.29,1.14459
6069.57,1.08867
6075.86,1.13172
6082.14,1.13979
6088.42,1.12746
6094.71,1.15854
6100.99,1.15695
6107.27,1.16087
6113.55,1.17017
6119.84,1.20421
6126.12,1.15929
6132.4,1.23867
6138.69,1.19225
6144.97,1.21599
6151.25,1.26606
6157.54,1.19356
6163.82,1.29448
6170.1,1.23979
6176.39,1.27069
6182.67,1.29995
6188.95,1.27586
6195.24,1.31325
6201.52,1.31637
6207.8,1.32584
6214.09,1.32459
6220.37,1.382
6226.65,1.31739
6232.94,1.40924
6239.22,1.3778
6245.5,1.37045
6251.79,1.46669
6258.07,1.35959
6264.35,1.48158
6270.63,1.43594
6276.92,1.44698
6283.2,1.50443
6289.48,1.46664
6295.77,1.50991
6302.05,1.52032
6308.33,1.53781
6314.62,1.52187
6320.9,1.61018
6327.18,1.52677
6333.47,1.62477
6339.75,1.62413
6346.03,1.56945
6352.32,1.72587
6358.6,1.58355
6364.88,1.71826
6371.17,1.7003
6377.45,1.67541
6383.73,1.77462
6390.02,1.72135
6396.3,1.77462
6402.58,1.78817
6408.87,1.82294
6415.15,1.78418
6421.43,1.91298
6427.71,1.8144
6434,1.90489
6440.28,1.96599
6446.56,1.83514
6452.85,2.0782
6459.13,1.89595
6465.41,2.03567
6471.7,2.07035
6477.98,1.98667
6484.26,2.14524
6490.55,2.07839
6496.83,2.14057
6503.11,2.16322
6509.4,2.22707
6515.68,2.15222
6521.96,2.33776
6528.25,2.23774
6534.53,2.29328
6540.81,2.46607
6547.1,2.21288
6553.38,2.57742
6559.66,2.37159
6565.95,2.47918
6572.23,2.6242
6578.51,2.44541
6584.79,2.69401
6591.08,2.61321
6597.36,2.68893
6603.64,2.7171
6609.93,2.84392
6616.21,2.71054
6622.49,2.97965
6628.78,2.90826
6635.06,2.86555
6641.34,3.266
6647.63,2.80178
6653.91,3.35644
6660.19,3.15386
6666.48,3.15855
6672.76,3.53785
6679.04,3.18025
6685.33,3.58475
6691.61,3.50327
6697.89,3.5981
6704.18,3.64041
6710.46,3.89953
6716.74,3.66483
6723.03,4.06464
6729.31,4.12862
6735.59,3.80845
6741.88,4.73616
6748.16,3.8516
6754.44,4.74877
6760.72,4.67258
6767.01,4.34098
6773.29,5.32158
6779.57,4.56233
6785.86,5.3009
6792.14,5.27561
6798.42,5.40798
6804.71,5.47995
6810.99,6.11996
6817.27,5.66962
6823.56,6.31943
6829.84,6.99509
6836.12,5.63708
6842.41,8.32428
6848.69,6.26874
6854.97,8.02652
6861.26,8.78101
6867.54,6.87319
6873.82,10.3288
6880.11,8.11993
6886.39,10.0449
6892.67,10.505
6898.96,10.8027
6905.24,10.9755
6911.52,13.7969
6917.8,12.6746
6924.09,14.1168
6930.37,20.6561
6936.65,9.48613
6942.94,29.0412
6949.22,19.8072
6955.5,28.2424
6961.79,47.1939
6968.07,8.59893
6974.35,80.0565
6980.64,53.5711
6986.92,115.109
6993.2,290.763
6999.49,657.509
7005.77,378.001
7012.05,79.8276
7018.34,85.1234
7024.62,74.839
7030.9,14.3072
7037.19,52.9362
7043.47,18.5438
7049.75,28.1417
7056.04,26.5773
7062.32,11.1841
7068.6,22.3814
7074.88,11.8238
7081.17,14.6833
7087.45,13.424
7093.73,11.208
7100.02,11.1017
7106.3,10.954
7112.58,9.56351
7118.87,9.08381
7125.15,10.1605
7131.43,6.7671
7137.72,9.60518
7144,7.17679
7150.28,7.30572
7156.57,8.15804
7162.85,5.64122
7169.13,7.52086
7175.42,5.9808
7181.7,6.11831
7187.98,6.16617
7194.27,5.57997
7200.55,5.54421
7206.83,5.49444
7213.12,5.23738
7219.4,4.86632
7225.68,5.41031
7231.96,4.27589
7238.25,5.09209
7244.53,4.53177
7250.81,4.22088
7257.1,4.81354
7263.38,3.78306
7269.66,4.4448
7275.95,3.9933
7282.23,3.87973
7288.51,4.00223
7294.8,3.72955
7301.08,3.70574
7307.36,3.66766
7313.65,3.61494
7319.93,3.34315
7326.21,3.67568
7332.5,3.13977
7338.78,3.43267
7345.06,3.31663
7351.35,2.99085
7357.63,3.39931
7363.91,2.8658
7370.2,3.13578
7376.48,3.00058
7382.76,2.85161
7389.04,2.96063
7395.33,2.80879
7401.61,2.78821
7407.89,2.75294
7414.18,2.76269
7420.46,2.55929
7426.74,2.77215
7433.03,2.49301
7439.31,2.58013
7445.59,2.61366
7451.88,2.33333
7458.16,2.61542
7464.44,2.31787
7470.73,2.41711
7477.01,2.40213
7483.29,2.26348
7489.58,2.34691
7495.86,2.25514
7502.14,2.23984
7508.43,2.20304
7514.71,2.23643
7520.99,2.08191
7527.28,2.21833
7533.56,2.0734
7539.84,2.0652
7546.12,2.15294
7552.41,1.92601
7558.69,2.11614
7564.97,1.95222
7571.26,1.96589
7577.54,1.99998
7583.82,1.88378
7590.11,1.94179
7596.39,1.88814
7602.67,1.87176
7608.96,1.83838
7615.24,1.87559
7621.52,1.76245
7627.81,1.84309
7634.09,1.77786
7640.37,1.72355
7646.66,1.82457
7652.94,1.6496
7659.22,1.7708
7665.51,1.68877
7671.79,1.65731
7678.07,1.71094
7684.36,1.61576
7690.64,1.65642
7696.92,1.61881
7703.21,1.61309
7709.49,1.57858
7715.77,1.6171
7722.05,1.53048
7728.34,1.57419
7734.62,1.55716
7740.9,1.48278
7747.19,1.57985
7753.47,1.44926
7759.75,1.51816
7766.04,1.48813
7772.32,1.43638
7778.6,1.49256
7784.89,1.41889
7791.17,1.44158
7797.45,1.42109
7803.74,1.4175
7810.02,1.38475
7816.3,1.41512
7822.59,1.35891
7828.87,1.37254
7835.15,1.38359
7841.44,1.30523
7847.72,1.38765
7854,1.29729
7860.29,1.32758
7866.57,1.32975
7872.85,1.2709
7879.13,1.32004
7885.42,1.26825
7891.7,1.27699
7897.98,1.2665
7904.27,1.26227
7910.55,1.23429
7916.83,1.25756
7923.12,1.22408
7929.4,1.21483
7935.68,1.24379
7941.97,1.16902
7948.25,1.23425
7954.53,1.17635
7960.82,1.17934
7967.1,1.19975
7973.38,1.14247
7979.67,1.181
7985.95,1.14788
7992.23,1.14521
7998.52,1.14224
8004.8,1.13825
8011.08,1.11561
8017.37,1.13067
8023.65,1.1124
8029.93,1.09229
8036.21,1.12744
8042.5,1.06239
8048.78,1.10891
8055.06,1.07677
8061.35,1.06134
8067.63,1.09074
8073.91,1.04008
8080.2,1.06917
8086.48,1.04717
8092.76,1.04247
8099.05,1.03849
8105.33,1.036
8111.61,1.01833
8117.9,1.02526
8124.18,1.02119
8130.46,0.991123
8136.75,1.02903
8143.03,0.97651
8149.31,1.00394
8155.6,0.994235
8161.88,0.964412
8168.16,0.999182
8174.45,0.955885
8180.73,0.974667
8187.01,0.963375
8193.29,0.953949
8199.58,0.950648
8205.86,0.954352
8212.14,0.936687
8218.43,0.939969
8224.71,0.941099
8230.99,0.906705
8237.28,0.951423
8243.56,0.904366
8249.84,0.912568
8256.13,0.922637
8262.41,0.890656
8268.69,0.917367
8274.98,0.886695
8281.26,0.894158
8287.54,0.8916
8293.83,0.881504
8300.11,0.878127
8306.39,0.88118
8312.68,0.869009
8318.96,0.864537
8325.24,0.877684
8331.53,0.841554
8337.81,0.872181
8344.09,0.844603
8350.38,0.844189
8356.66,0.859222
8362.94,0.82176
8369.22,0.850239
8375.51,0.826898
8381.79,0.827478
8388.07,0.831234
8394.36,0.818777
8400.64,0.817836
8406.92,0.815554
8413.21,0.811001
8419.49,0.802605
8425.77,0.814721
8432.06,0.785489
8438.34,0.805955
8444.62,0.793122
8450.91,0.783936
8457.19,0.801359
8463.47,0.767634
8469.76,0.791654
8476.04,0.772298
8482.32,0.769675
8488.61,0.776153
8494.89,0.764039
8501.17,0.765387
8507.46,0.761358
8513.74,0.760727
8520.02,0.74688
8526.3,0.7635
8532.59,0.73841
8538.87,0.750541
8545.15,0.746617
8551.44,0.728912
8557.72,0.751401
8564,0.722825
8570.29,0.736325
8576.57,0.729817
8582.85,0.72098
8589.14,0.727063
8595.42,0.718925
8601.7,0.716011
8607.99,0.714125
8614.27,0.71502
8620.55,0.700783
8626.84,0.715787
8633.12,0.696257
8639.4,0.700958
8645.69,0.705697
8651.97,0.683201
8658.25,0.705107
8664.54,0.682783
8670.82,0.688576
8677.1,0.689754
8683.38,0.676649
8689.67,0.68484
8695.95,0.675977
8702.23,0.675423
8708.52,0.672235
8714.8,0.674907
8721.08,0.661131
8727.37,0.672613
8733.65,0.660582
8739.93,0.657353
8746.22,0.668547
8752.5,0.643509
8758.78,0.664495
8765.07,0.646873
8771.35,0.648136
8777.63,0.652507
8783.92,0.639233
8790.2,0.645678
8796.48,0.639441
8802.77,0.639144
8809.05,0.634103
8815.33,0.639208
8821.62,0.625688
8827.9,0.634859
8834.18,0.627425
8840.46,0.620333
8846.75,0.633226
8853.03,0.611394
8859.31,0.62566
8865.6,0.61607
8871.88,0.611374
8878.16,0.618519
8884.45,0.606118
8890.73,0.610525
8897.01,0.606645
8903.3,0.60531
8909.58,0.600207
8915.86,0.606193
8922.15,0.594006
8928.43,0.599969
8934.71,0.598445
8941,0.586223
8947.28,0.605292
8953.56,0.578966
8959.85,0.590819
8966.13,0.587037
8972.41,0.579573
8978.7,0.588252
8984.98,0.577135
8991.26,0.581082
8997.54,0.578634
9003.83,0.574549
9010.11,0.571535
9016.39,0.57451
9022.68,0.567124
9028.96,0.568517
9035.24,0.571249
9041.53,0.556423
9047.81,0.571047
9054.09,0.555761
9060.38,0.560621
9066.66,0.560914
9072.94,0.550491
9079.23,0.559138
9085.51,0.550464
9091.79,0.551635
9098.08,0.549997
9104.36,0.548775
9110.64,0.54347
9116.93,0.547822
9123.21,0.542111
9129.49,0.539431
9135.78,0.546206
9142.06,0.530784
9148.34,0.543221
9154.62,0.533805
9160.91,0.531422
9167.19,0.53724
9173.47,0.525362
9179.76,0.533985
9186.04,0.52629
9192.32,0.525706
9198.61,0.524717
9204.89,0.525102
9211.17,0.518739
9217.46,0.524237
9223.74,0.517718
9230.02,0.515531
9236.31,0.5214
9242.59,0.509053
9248.87,0.517567
9255.16,0.511806
9261.44,0.507123
9267.72,0.514394
9274.01,0.502936
9280.29,0.509312
9286.57,0.504798
9292.86,0.503766
9299.14,0.502276
9305.42,0.501553
9311.71,0.497624
9317.99,0.499028
9324.27,0.498006
9330.55,0.4908
9336.84,0.500179
9343.12,0.487598
9349.4,0.49424
9355.69,0.4917
9361.97,0.48416
9368.25,0.493313
9374.54,0.483006
9380.82,0.486816
9387.1,0.484027
9393.39,0.481067
9399.67,0.481121
9405.95,0.482048
9412.24,0.478473
9418.52,0.477179
9424.8,0.480107
9431.09,0.469076
9437.37,0.481686
9443.65,0.468642
9449.94,0.472481
9456.22,0.471227
9462.5,0.463446
9468.79,0.47409
9475.07,0.467511
9481.35,0.465173
9487.63,0.464978
9493.92,0.46532
9500.2,0.458256
9506.48,0.460978
9512.77,0.460999
9519.05,0.458599
9525.33,0.463326
9531.62,0.450957
9537.9,0.459221
9544.18,0.452523
9550.47,0.451863
9556.75,0.457232
9563.03,0.445406
9569.32,0.453641
9575.6,0.447909
9581.88,0.448034
9588.17,0.448488
9594.45,0.443715
9600.73,0.444208
9607.02,0.444691
9613.3,0.442453
9619.58,0.440061
9625.87,0.443726
9632.15,0.435697
9638.43,0.440985
9644.71,0.437633
9651,0.434307
9657.28,0.439962
9663.56,0.429448
9669.85,0.436402
9676.13,0.432328
9682.41,0.430585
9688.7,0.431444
9694.98,0.426918
9701.26,0.430047
9707.55,0.427486
9713.83,0.42615
9720.11,0.423426
9726.4,0.429057
9732.68,0.419246
9738.96,0.424027
9745.25,0.423202
9751.53,0.415953
9757.81,0.425633
9764.1,0.414189
9770.38,0.420098
9776.66,0.417139
9782.95,0.414032
9789.23,0.41721
9795.51,0.412077
9801.79,0.413856
9808.08,0.412162
9814.36,0.412862
9820.64,0.407951
9826.93,0.412767
9833.21,0.406544
9839.49,0.408039
9845.78,0.409242
9852.06,0.401574
9858.34,0.409439
9864.63,0.401861
9870.91,0.403406
9877.19,0.404297
9883.48,0.399285
9889.76,0.4023
9896.04,0.399695
9902.33,0.398992
9908.61,0.398002
9914.89,0.398318
9921.18,0.394553
9927.46,0.39738
9933.74,0.394256
9940.03,0.392331
9946.31,0.396668
9952.59,0.387995
9958.88,0.394549
9965.16,0.38989
9971.44,0.388055
9977.72,0.392342
9984.01,0.38396
9990.29,0.39005
9996.57,0.383159
10002.9,0.388617
10009.1,0.384172
10015.4,0.386722
10021.7,0.381643
10028,0.38434
10034.3,0.382714
10040.6,0.37855
10046.8,0.383794
10053.1,0.37645
10059.4,0.38129
10065.7,0.377766
10072,0.375718
10078.3,0.378555
10084.5,0.373985
10090.8,0.37547
10097.1,0.37363
10103.4,0.374585
10109.7,0.371977
10116,0.37403
10122.2,0.369446
10128.5,0.371813
10134.8,0.370766
10141.1,0.366126
10147.4,0.372307
10153.7,0.365005
10159.9,0.367868
10166.2,0.367234
10172.5,0.362651
10178.8,0.368803
10185.1,0.361564
10191.4,0.363144
10197.6,0.362529
10203.9,0.36501
10210.2,0.358454
10216.5,0.362483
10222.8,0.359004
10229.1,0.358937
10235.3,0.360508
10241.6,0.354107
10247.9,0.359904
10254.2,0.354652
10260.5,0.356295
10266.8,0.357433
10273,0.35078
10279.3,0.355568
10285.6,0.35269
10291.9,0.352592
10298.2,0.351535
10304.5,0.352409
10310.7,0.349025
10317,0.352232
10323.3,0.347842
10329.6,0.347711
10335.9,0.349942
10342.2,0.343558
10348.4,0.349424
10354.7,0.344832
10361,0.344833
10367.3,0.346487
10373.6,0.341527
10379.8,0.345197
10386.1,0.34279
10392.4,0.34201
10398.7,0.341021
10405,0.34113
10411.3,0.340226
10417.5,0.340097
10423.8,0.339367
10430.1,0.337475
10436.4,0.340672
10442.7,0.333892
10449,0.338973
10455.2,0.334818
10461.5,0.335025
10467.8,0.335806
10474.1,0.334031
10480.4,0.333212
10486.7,0.33433
10492.9,0.331385
10499.2,0.332292
10505.5,0.331726
10511.8,0.329561
10518.1,0.330898
10524.4,0.329927
10530.6,0.32669
10536.9,0.331326
10543.2,0.325226
10549.5,0.328969
10555.8,0.326635
10562.1,0.324278
10568.3,0.327742
10574.6,0.322702
10580.9,0.325426
10587.2,0.323588
10593.5,0.322779
10599.8,0.322856
10606,0.322556
10612.3,0.321227
10618.6,0.320696
10624.9,0.321634
10631.2,0.318271
10637.5,0.321483
10643.7,0.31784
10650,0.318125
10656.3,0.319133
10662.6,0.315149
10668.9,0.319315
10675.2,0.314559
10681.4,0.317424
10687.7,0.312829
10694,0.317835
10700.3,0.311766
10706.6,0.315608
10712.9,0.310888
10719.1,0.310477
10725.4,0.316097
10731.7,0.308464
10738,0.311384
10744.3,0.310864
10750.6,0.310263
10756.8,0.310892
10763.1,0.3065
10769.4,0.309671
10775.7,0.307023
10782,0.308398
10788.3,0.307088
10794.5,0.30691
10800.8,0.304926
10807.1,0.305061
10813.4,0.305538
10819.7,0.302505
10826,0.305389
10832.2,0.301082
10838.5,0.304114
10844.8,0.302276
10851.1,0.300462
10857.4,0.303633
10863.7,0.299487
10869.9,0.301211
10876.2,0.300392
10882.5,0.299358
10888.8,0.300816
10895.1,0.300347
10901.4,0.296952
10907.6,0.297611
10913.9,0.296803
10920.2,0.296232
10926.5,0.297135
10932.8,0.294177
10939.1,0.295498
10945.3,0.292724
10951.6,0.291844
10957.9,0.299198
10964.2,0.2916
10970.5,0.29443
10976.8,0.292939
10983,0.29032
10989.3,0.292587
10995.6,0.291412
11001.9,0.289904
11008.2,0.288125
11014.5,0.289913
11020.7,0.287442
11027,0.289642
11033.3,0.287506
11039.6,0.287425
11045.9,0.289143
11052.2,0.284773
11058.4,0.288616
11064.7,0.2853
11071,0.285777
11077.3,0.286254
11083.6,0.283629
11089.9,0.28503
11096.1,0.283364
11102.4,0.284065
11108.7,0.283522
11115,0.284126
11121.3,0.280883
11127.6,0.283277
11133.8,0.280754
11140.1,0.28007
11146.4,0.282082
11152.7,0.278157
11159,0.281383
11165.2,0.278782
11171.5,0.277893
11177.8,0.280222
11184.1,0.275943
11190.4,0.278772
11196.7,0.275047
11202.9,0.278899
11209.2,0.277277
11215.5,0.276506
11221.8,0.27631
11228.1,0.275086
11234.4,0.276839
11240.6,0.272124
11246.9,0.2774
11253.2,0.271322
11259.5,0.274643
11265.8,0.27298
11272.1,0.271839
11278.3,0.273582
11284.6,0.271175
11290.9,0.272297
11297.2,0.270155
11303.5,0.271013
11309.8,0.269939
11316,0.27112
11322.3,0.268365
11328.6,0.269524
11334.9,0.26942
11341.2,0.267263
11347.5,0.270077
11353.7,0.266386
11360,0.267726
11366.3,0.267248
11372.6,0.265318
11378.9,0.267065
11385.2,0.265326
11391.4,0.264576
11397.7,0.264534
11404,0.266029
11410.3,0.264329
11416.6,0.265086
11422.9,0.26192
11429.1,0.261252
11435.4,0.266861
11441.7,0.258255
11448,0.265031
11454.3,0.261562
11460.6,0.262475
11466.8,0.261268
11473.1,0.258365
11479.4,0.261595
11485.7,0.259497
11492,0.26067
11498.3,0.260551
11504.5,0.257196
11510.8,0.258134
11517.1,0.259059
11523.4,0.257778
11529.7,0.255838
11536,0.258223
11542.2,0.255032
11548.5,0.258454
11554.8,0.255265
11561.1,0.255338
11567.4,0.256379
11573.7,0.254168
11579.9,0.255451
11586.2,0.253982
11592.5,0.253788
11598.8,0.252802
11605.1,0.254624
11611.4,0.252849
11617.6,0.253606
11623.9,0.252738
11630.2,0.25059
11636.5,0.253165
11642.8,0.250835
11649.1,0.251681
11655.3,0.250351
11661.6,0.249016
11667.9,0.251791
11674.2,0.247745
11680.5,0.250558
11686.8,0.249226
11693,0.249154
11699.3,0.247835
11705.6,0.249794
11711.9,0.245576
11718.2,0.24958
11724.5,0.245594
11730.7,0.247326
11737,0.246642
11743.3,0.245765
11749.6,0.246597
11755.9,0.245823
11762.2,0.244688
11768.4,0.245789
11774.7,0.24372
11781,0.24497
11787.3,0.242872
11793.6,0.24422
11799.9,0.242843
11806.1,0.243212
11812.4,0.242695
11818.7,0.242261
11825,0.243053
11831.3,0.240441
11837.6,0.243128
11843.8,0.240549
11850.1,0.240534
11856.4,0.241289
11862.7,0.239226
11869,0.24083
11875.3,0.2397
11881.5,0.24004
11887.8,0.239319
11894.1,0.239477
11900.4,0.237887
11906.7,0.237053
11913,0.238472
11919.2,0.234336
11925.5,0.240369
11931.8,0.232909
11938.1,0.241107
11944.4,0.234174
11950.7,0.238502
11956.9,0.236535
11963.2,0.235261
11969.5,0.23355
11975.8,0.233982
11982.1,0.237452
11988.3,0.233473
11994.6,0.232033
12000.9,0.234137
12007.2,0.232593
12013.5,0.234575
12019.8,0.231701
12026,0.23482
12032.3,0.23201
12038.6,0.23345
12044.9,0.233086
12051.2,0.230724
12057.5,0.232486
12063.7,0.230167
12070,0.231613
12076.3,0.230131
12082.6,0.230308
12088.9,0.230411
12095.2,0.231724
12101.4,0.228134
12107.7,0.228724
12114,0.22853
12120.3,0.228201
12126.6,0.228794
12132.9,0.227166
12139.1,0.228367
12145.4,0.228049
12151.7,0.225446
12158,0.228566
12164.3,0.225764
12170.6,0.22705
12176.8,0.226392
12183.1,0.224334
12189.4,0.228375
12195.7,0.225196
12202,0.223651
12208.3,0.225264
12214.5,0.225715
12220.8,0.222962
12227.1,0.22551
12233.4,0.223498
12239.7,0.222318
12246,0.225461
12252.2,0.220267
12258.5,0.225006
12264.8,0.220982
12271.1,0.222533
12277.4,0.223419
12283.7,0.220474
12289.9,0.222774
12296.2,0.221292
12302.5,0.220789
12308.8,0.220748
12315.1,0.220232
12321.4,0.219651
12327.6,0.220749
12333.9,0.219467
12340.2,0.21936
12346.5,0.22018
12352.8,0.218047
12359.1,0.219024
12365.3,0.218513
12371.6,0.21795
12377.9,0.218505
12384.2,0.216816
12390.5,0.217619
12396.8,0.215745
12403,0.218667
12409.3,0.217502
12415.6,0.217228
12421.9,0.216215
12428.2,0.216282
12434.5,0.216615
12440.7,0.214777
12447,0.216272
12453.3,0.214897
12459.6,0.214281
12465.9,0.216881
12472.2,0.211829
12478.4,0.217288
12484.7,0.211966
12491,0.215239
12497.3,0.213034
12503.6,0.213575
12509.9,0.212556
12516.1,0.213011
12522.4,0.212739
12528.7,0.212463
12535,0.212883
12541.3,0.211485
12547.6,0.213066
12553.8,0.210011
12560.1,0.212232
12566.4,0.211574
12572.7,0.210836
12579,0.211072
12585.3,0.210358
12591.5,0.211075
12597.8,0.212484
12604.1,0.206926
12610.4,0.209164
12616.7,0.208763
12623,0.208619
12629.2,0.208011
12635.5,0.209536
12641.8,0.207383
12648.1,0.207905
12654.4,0.207485
12660.7,0.206626
12666.9,0.210233
12673.2,0.205306
12679.5,0.2068
12685.8,0.206003
12692.1,0.208666
12698.4,0.202974
12704.6,0.207926
12710.9,0.205415
12717.2,0.20637
12723.5,0.206616
12729.8,0.204206
12736.1,0.206081
12742.3,0.203008
12748.6,0.205481
12754.9,0.205543
12761.2,0.202077
12767.5,0.205836
12773.8,0.20345
12780,0.204013
12786.3,0.203301
12792.6,0.202553
12798.9,0.203073
12805.2,0.203559
12811.4,0.201374
12817.7,0.20323
12824,0.202187
12830.3,0.201167
12836.6,0.202893
12842.9,0.200072
12849.1,0.202142
12855.4,0.201038
12861.7,0.199987
12868,0.202033
12874.3,0.19984
12880.6,0.200865
12886.8,0.200104
12893.1,0.199555
12899.4,0.201615
12905.7,0.198469
12912,0.198823
12918.3,0.199182
12924.5,0.198874
12930.8,0.197976
12937.1,0.200108
12943.4,0.196746
12949.7,0.199977
12956,0.196087
12962.2,0.199799
12968.5,0.195519
12974.8,0.199381
12981.1,0.196083
12987.4,0.197887
12993.7,0.197523
12999.9,0.195865
13006.2,0.196832
13012.5,0.195623
13018.8,0.195735
13025.1,0.196849
13031.4,0.193995
13037.6,0.197252
13043.9,0.193885
13050.2,0.195565
13056.5,0.196017
13062.8,0.193438
13069.1,0.196013
13075.3,0.193754
13081.6,0.193867
13087.9,0.194479
13094.2,0.194664
13100.5,0.193126
13106.8,0.192331
13113,0.192433
13119.3,0.192938
13125.6,0.192638
13131.9,0.191664
13138.2,0.193045
13144.5,0.1914
13150.7,0.19124
13157,0.19338
13163.3,0.188243
13169.6,0.196073
13175.9,0.185504
13182.2,0.197035
13188.4,0.185863
13194.7,0.194418
13201,0.187442
13207.3,0.19193
13213.6,0.192457
13219.9,0.188687
13226.1,0.189904
13232.4,0.188732
13238.7,0.19014
13245,0.189526
13251.3,0.18884
13257.6,0.190518
13263.8,0.187486
13270.1,0.189866
13276.4,0.187635
13282.7,0.187625
13289,0.188138
13295.3,0.18673
13301.5,0.189116
13307.8,0.187302
13314.1,0.18774
13320.4,0.187157
13326.7,0.188612
13333,0.186207
13339.2,0.186982
13345.5,0.186598
13351.8,0.186356
13358.1,0.187076
13364.4,0.186124
13370.7,0.186239
13376.9,0.186666
13383.2,0.18485
13389.5,0.186319
13395.8,0.187849
13402.1,0.182847
13408.4,0.184053
13414.6,0.183211
13420.9,0.184788
13427.2,0.186676
13433.5,0.182983
13439.8,0.183605
13446.1,0.185443
13452.3,0.180236
13458.6,0.184083
13464.9,0.183714
13471.2,0.183065
13477.5,0.185005
13483.8,0.181023
13490,0.183807
13496.3,0.180609
13502.6,0.183646
13508.9,0.182192
13515.2,0.182206
13521.5,0.181243
13527.7,0.182107
13534,0.182032
13540.3,0.181021
13546.6,0.182163
13552.9,0.179934
13559.2,0.181647
13565.4,0.180506
13571.7,0.180073
13578,0.180992
13584.3,0.179963
13590.6,0.179958
13596.8,0.179955
13603.1,0.180427
13609.4,0.179886
13615.7,0.179878
13622,0.179366
13628.3,0.179832
13634.5,0.178969
13640.8,0.178619
13647.1,0.179183
13653.4,0.177813
13659.7,0.178801
13666,0.179248
13672.2,0.177022
13678.5,0.179326
13684.8,0.177064
13691.1,0.17792
13697.4,0.179533
13703.7,0.174062
13709.9,0.179817
13716.2,0.173871
13722.5,0.179559
13728.8,0.174257
13735.1,0.178594
13741.4,0.175469
13747.6,0.176859
13753.9,0.176292
13760.2,0.17552
13766.5,0.175751
13772.8,0.174978
13779.1,0.176191
13785.3,0.174613
13791.6,0.175352
13797.9,0.174843
13804.2,0.175991
13810.5,0.174162
13816.8,0.175464
13823,0.174228
13829.3,0.174626
13835.6,0.17428
13841.9,0.173586
13848.2,0.174965
13854.5,0.174064
13860.7,0.174358
13867,0.174259
13873.3,0.173867
13879.6,0.173218
13885.9,0.1727
13892.2,0.172665
13898.4,0.17196
13904.7,0.172317
13911,0.17193
13917.3,0.172242
13923.6,0.176331
13929.9,0.168902
13936.1,0.172317
13942.4,0.171099
13948.7,0.17348
13955,0.17222
13961.3,0.171585
13967.6,0.172553
13973.8,0.170363
13980.1,0.171602
13986.4,0.171264
13992.7,0.169519
13999,0.171076
14005.3,0.169599
14011.5,0.170703
14017.8,0.169277
14024.1,0.170271
14030.4,0.169736
14036.7,0.170666
14043,0.168821
14049.2,0.169933
14055.5,0.169112
14061.8,0.169502
14068.1,0.168957
14074.4,0.168921
14080.7,0.169657
14086.9,0.168192
14093.2,0.169267
14099.5,0.168181
14105.8,0.168185
14112.1,0.168497
14118.4,0.167236
14124.6,0.168344
14130.9,0.167741
14137.2,0.167183
14143.5,0.167161
14149.8,0.167158
14156.1,0.168966
14162.3,0.165819
14168.6,0.167413
14174.9,0.166579
14181.2,0.166555
14187.5,0.165862
14193.8,0.168124
14200,0.163236
14206.3,0.170377
14212.6,0.162606
14218.9,0.169066
14225.2,0.164383
14231.5,0.165717
14237.7,0.166705
14244,0.163894
14250.3,0.166311
14256.6,0.165039
14262.9,0.164298
14269.2,0.166836
14275.4,0.162896
14281.7,0.166366
14288,0.164251
14294.3,0.164641
14300.6,0.164816
14306.9,0.162892
14313.1,0.164645
14319.4,0.163654
14325.7,0.163841
14332,0.163971
14338.3,0.16301
14344.6,0.163841
14350.8,0.164295
14357.1,0.162467
14363.4,0.163438
14369.7,0.162955
14376,0.161364
14382.2,0.165119
14388.5,0.160775
14394.8,0.163686
14401.1,0.164836
14407.4,0.154323
14413.7,0.174835
14419.9,0.146514
14426.2,0.180653
14432.5,0.143219
14438.8,0.176293
14445.1,0.151872
14451.4,0.167737
14457.6,0.15999
14463.9,0.158592
14470.2,0.165464
14476.5,0.15558
14482.8,0.161751
14489.1,0.16147
14495.3,0.157346
14501.6,0.164982
14507.9,0.158398
14514.2,0.161353
14520.5,0.159173
14526.8,0.159762
14533,0.160862
14539.3,0.158266
14545.6,0.160055
14551.9,0.159098
14558.2,0.160225
14564.5,0.159111
14570.7,0.158305
14577,0.15947
14583.3,0.158586
14589.6,0.158653
14595.9,0.157411
14602.2,0.159934
14608.4,0.160268
14614.7,0.158374
14621,0.15754
14627.3,0.159684
14633.6,0.157074
14639.9,0.157588
14646.1,0.158606
14652.4,0.157117
14658.7,0.159168
14665,0.156585
14671.3,0.156026
14677.6,0.159455
14683.8,0.156196
14690.1,0.156614
14696.4,0.156984
14702.7,0.158117
14709,0.156666
14715.3,0.156759
14721.5,0.15674
14727.8,0.15569
14734.1,0.157992
14740.4,0.155232
14746.7,0.157681
14753,0.1546
14759.2,0.156691
14765.5,0.156176
14771.8,0.15499
14778.1,0.156251
14784.4,0.15483
14790.7,0.155716
14796.9,0.155773
14803.2,0.154675
14809.5,0.155142
14815.8,0.155113
14822.1,0.154055
14828.4,0.154835
14834.6,0.154636
14840.9,0.154735
14847.2,0.154314
14853.5,0.154207
14859.8,0.15423
14866.1,0.153962
14872.3,0.153851
14878.6,0.154302
14884.9,0.153445
14891.2,0.153357
14897.5,0.154003
14903.8,0.152747
14910,0.153892
14916.3,0.152751
14922.6,0.153571
14928.9,0.152767
14935.2,0.152632
14941.5,0.153635
14947.7,0.150936
14954,0.155276
14960.3,0.148673
14966.6,0.156363
14972.9,0.148777
14979.2,0.154611
14985.4,0.150381
14991.7,0.152176
14998,0.151638
15004.3,0.152271
15010.6,0.152678
15016.9,0.151046
15023.1,0.150971
15029.4,0.152404
15035.7,0.15147
15042,0.150763
15048.3,0.151555
15054.6,0.15042
15060.8,0.151314
15067.1,0.150386
15073.4,0.150974
15079.7,0.150579
15086,0.150388
15092.3,0.150142
15098.5,0.149493
15104.8,0.152222
15111.1,0.149621
15117.4,0.150535
15123.7,0.150523
15130,0.149995
15136.2,0.150213
15142.5,0.149275
15148.8,0.149471
15155.1,0.151349
15161.4,0.147451
15167.7,0.149225
15173.9,0.148075
15180.2,0.15198
15186.5,0.146305
15192.8,0.148271
15199.1,0.148725
15205.3,0.149343
15211.6,0.149138
15217.9,0.148425
15224.2,0.148444
15230.5,0.148965
15236.8,0.149639
15243,0.149188
15249.3,0.146153
15255.6,0.147499
15261.9,0.148289
15268.2,0.147814
15274.5,0.147366
15280.7,0.147804
15287,0.146962
15293.3,0.148785
15299.6,0.146322
15305.9,0.148567
15312.2,0.147288
15318.4,0.146757
15324.7,0.147958
15331,0.146494
15337.3,0.147646
15343.6,0.146189
15349.9,0.146055
15356.1,0.146928
15362.4,0.14654
15368.7,0.14648
15375,0.145696
15381.3,0.145339
15387.6,0.147364
15393.8,0.145581
15400.1,0.145798
15406.4,0.146643
15412.7,0.145313
15419,0.145003
15425.3,0.14679
15431.5,0.1428
15437.8,0.148647
15444.1,0.141713
15450.4,0.149311
15456.7,0.141718
15463,0.147644
15469.2,0.143172
15475.5,0.145595
15481.8,0.144239
15488.1,0.144535
15494.4,0.144548
15500.7,0.14411
15506.9,0.145001
15513.2,0.144168
15519.5,0.144416
15525.8,0.145393
15532.1,0.142573
15538.4,0.145727
15544.6,0.142593
15550.9,0.144275
15557.2,0.144408
15563.5,0.14274
15569.8,0.145024
15576.1,0.142226
15582.3,0.144421
15588.6,0.143363
15594.9,0.141303
15601.2,0.145023
15607.5,0.14206
15613.8,0.14307
15620,0.14452
15626.3,0.14
15632.6,0.145845
15638.9,0.140882
15645.2,0.141415
15651.5,0.14918
15657.7,0.131601
15664,0.158595
15670.3,0.124563
15676.6,0.16277
15682.9,0.126357
15689.2,0.154366
15695.4,0.134967
15701.7,0.144071
15708,0.143766
15714.3,0.136216
15720.6,0.147609
15726.9,0.138341
15733.1,0.14195
15739.4,0.142045
15745.7,0.138271
15752,0.1427
15758.3,0.141223
15764.6,0.14098
15770.8,0.142463
15777.1,0.138987
15783.4,0.141924
15789.7,0.141007
15796,0.139525
15802.3,0.141392
15808.5,0.139171
15814.8,0.141635
15821.1,0.139679
15827.4,0.140437
15833.7,0.141285
15840,0.139715
15846.2,0.140001
15852.5,0.13938
15858.8,0.138949
15865.1,0.141015
15871.4,0.137281
15877.7,0.139999
15883.9,0.139768
15890.2,0.138703
15896.5,0.140857
15902.8,0.139402
15909.1,0.140277
15915.4,0.140268
15921.6,0.135791
15927.9,0.140052
15934.2,0.140675
15940.5,0.138144
15946.8,0.13967
15953.1,0.137403
15959.3,0.137386
15965.6,0.139166
15971.9,0.137248
15978.2,0.140963
15984.5,0.136391
15990.8,0.140213
15997,0.137738
16003.3,0.13843
16009.6,0.138608
16015.9,0.137356
16022.2,0.138423
16028.4,0.137275
16034.7,0.137622
16041,0.138071
16047.3,0.137526
16053.6,0.137935
16059.9,0.137508
16066.1,0.137146
16072.4,0.138436
16078.7,0.135862
16085,0.138061
16091.3,0.137174
16097.6,0.13749
16103.8,0.136415
16110.1,0.136153
16116.4,0.136947
16122.7,0.136566
16129,0.136606
16135.3,0.137429
16141.5,0.13571
16147.8,0.136321
16154.1,0.136996
16160.4,0.134515
16166.7,0.137764
16173,0.135133
16179.2,0.135904
16185.5,0.137885
16191.8,0.132371
16198.1,0.140135
16204.4,0.132071
16210.7,0.140164
16216.9,0.132385
16223.2,0.138199
16229.5,0.134209
16235.8,0.135788
16242.1,0.135482
16248.4,0.135546
16254.6,0.135616
16260.9,0.13575
16267.2,0.135954
16273.5,0.134208
16279.8,0.135345
16286.1,0.135833
16292.3,0.136319
16298.6,0.136308
16304.9,0.131653
16311.2,0.13448
16317.5,0.134237
16323.8,0.134115
16330,0.134237
16336.3,0.13386
16342.6,0.133823
16348.9,0.133824
16355.2,0.133881
16361.5,0.134535
16367.7,0.133133
16374,0.134133
16380.3,0.134746
16386.6,0.134715
16392.9,0.134259
16399.2,0.132797
16405.4,0.130599
16411.7,0.136469
16418,0.130047
16424.3,0.134826
16430.6,0.133662
16436.9,0.134335
16443.1,0.132345
16449.4,0.131315
16455.7,0.133427
16462,0.131981
16468.3,0.133839
16474.6,0.133845
16480.8,0.130782
16487.1,0.133476
16493.4,0.133305
16499.7,0.132869
16506,0.132006
16512.3,0.131986
16518.5,0.132904
16524.8,0.133119
16531.1,0.131098
16537.4,0.132903
16543.7,0.131009
16550,0.133118
16556.2,0.131852
16562.5,0.131522
16568.8,0.132783
16575.1,0.130268
16581.4,0.13224
16587.7,0.131778
16593.9,0.13069
16600.2,0.132002
16606.5,0.130599
16612.8,0.131657
16619.1,0.133094
16625.4,0.130943
16631.6,0.131701
16637.9,0.131089
16644.2,0.131567
16650.5,0.130845
16656.8,0.131003
16663.1,0.13136
16669.3,0.131662
16675.6,0.128649
16681.9,0.135018
16688.2,0.125662
16694.5,0.137387
16700.8,0.125114
16707,0.134195
16713.3,0.127415
16719.6,0.131333
16725.9,0.130407
16732.2,0.129208
16738.5,0.130917
16744.7,0.129565
16751,0.130139
16757.3,0.130947
16763.6,0.128707
16769.9,0.130935
16776.2,0.129415
16782.4,0.13024
16788.7,0.129444
16795,0.12976
16801.3,0.129181
16807.6,0.129253
16813.8,0.130278
16820.1,0.12898
16826.4,0.129684
16832.7,0.128968
16839,0.129127
16845.3,0.129197
16851.5,0.128864
16857.8,0.12953
16864.1,0.129389
16870.4,0.128072
16876.7,0.130327
16883,0.128203
16889.2,0.129531
16895.5,0.130874
16901.8,0.125173
16908.1,0.134427
16914.4,0.122184
16920.7,0.135589
16926.9,0.122141
16933.2,0.133199
16939.5,0.125112
16945.8,0.12692
16952.1,0.129253
16958.4,0.128083
16964.6,0.130089
16970.9,0.127273
16977.2,0.129062
16983.5,0.126002
16989.8,0.128097
16996.1,0.127326
17002.3,0.127363
17008.6,0.127728
17014.9,0.127883
17021.2,0.127087
17027.5,0.127904
17033.8,0.126489
17040,0.127613
17046.3,0.128556
17052.6,0.12618
17058.9,0.12861
17065.2,0.127582
17071.5,0.12801
17077.7,0.12743
17084,0.126858
17090.3,0.127234
17096.6,0.12876
17102.9,0.125385
17109.2,0.127648
17115.4,0.126972
17121.7,0.126928
17128,0.126297
17134.3,0.126376
17140.6,0.126704
17146.9,0.126551
17153.1,0.125939
17159.4,0.125737
17165.7,0.127807
17172,0.126172
17178.3,0.124361
17184.6,0.126592
17190.8,0.12608
17197.1,0.125845
17203.4,0.127026
17209.7,0.126859
17216,0.124584
17222.3,0.128379
17228.5,0.123589
17234.8,0.128017
17241.1,0.123953
17247.4,0.126166
17253.7,0.126397
17260,0.123844
17266.2,0.126738
17272.5,0.124547
17278.8,0.125476
17285.1,0.125832
17291.4,0.123779
17297.7,0.125265
17303.9,0.126354
17310.2,0.124491
17316.5,0.126672
17322.8,0.124002
17329.1,0.125978
17335.4,0.124497
17341.6,0.124927
17347.9,0.126388
17354.2,0.124044
17360.5,0.125434
17366.8,0.125029
17373.1,0.123882
17379.3,0.125554
17385.6,0.124754
17391.9,0.124321
17398.2,0.126303
17404.5,0.121493
17410.8,0.126063
17417,0.123204
17423.3,0.123674
17429.6,0.126336
17435.9,0.120231
17442.2,0.129562
17448.5,0.117685
17454.7,0.130164
17461,0.118888
17467.3,0.12767
17473.6,0.121792
17479.9,0.124929
17486.2,0.123777
17492.4,0.122745
17498.7,0.125003
17505,0.123129
17511.3,0.123852
17517.6,0.123821
17523.9,0.123171
17530.1,0.122285
17536.4,0.123857
17542.7,0.123702
17549,0.123562
17555.3,0.123019
17561.6,0.122735
17567.8,0.123128
17574.1,0.123291
17580.4,0.122705
17586.7,0.122709
17593,0.121923
17599.2,0.121945
17605.5,0.124878
17611.8,0.123461
17618.1,0.12362
17624.4,0.12243
17630.7,0.12256
17636.9,0.12279
17643.2,0.124836
17649.5,0.121108
17655.8,0.122362
17662.1,0.12157
17668.4,0.125672
17674.6,0.119625
17680.9,0.122559
17687.2,0.12296
17693.5,0.121577
17699.8,0.124028
17706.1,0.122703
17712.3,0.121694
17718.6,0.121467
17724.9,0.122216
17731.2,0.123503
17737.5,0.120214
17743.8,0.123119
17750,0.122982
17756.3,0.121653
17762.6,0.121271
17768.9,0.121204
17775.2,0.121246
17781.5,0.122667
17787.7,0.120335
17794,0.121657
17800.3,0.121736
17806.6,0.122332
17812.9,0.122136
17819.2,0.121112
17825.4,0.122231
17831.7,0.121016
17838,0.121254
17844.3,0.121743
17850.6,0.121024
17856.9,0.121336
17863.1,0.120874
17869.4,0.120814
17875.7,0.1234
17882,0.119578
17888.3,0.120781
17894.6,0.122342
17900.8,0.119722
17907.1,0.121178
17913.4,0.122219
17919.7,0.11795
17926,0.126109
17932.3,0.113685
17938.5,0.129147
17944.8,0.112497
17951.1,0.127168
17957.4,0.116488
17963.7,0.122139
17970,0.120568
17976.2,0.118929
17982.5,0.121819
17988.8,0.119477
17995.1,0.118867
18001.4,0.121831
18007.7,0.119866
18013.9,0.12178
18020.2,0.118289
18026.5,0.1216
18032.8,0.119631
18039.1,0.119989
18045.4,0.120725
18051.6,0.119274
18057.9,0.120309
18064.2,0.119584
18070.5,0.120319
18076.8,0.119868
18083.1,0.11921
18089.3,0.120314
18095.6,0.119326
18101.9,0.119458
18108.2,0.120702
18114.5,0.118848
18120.8,0.120835
18127,0.119109
18133.3,0.119362
18139.6,0.120708
18145.9,0.117463
18152.2,0.121832
18158.5,0.115824
18164.7,0.123276
18171,0.115148
18177.3,0.121866
18183.6,0.116673
18189.9,0.121832
18196.2,0.118476
18202.4,0.117575
18208.7,0.12176
18215,0.116519
18221.3,0.120513
18227.6,0.119983
18233.9,0.118253
18240.1,0.119064
18246.4,0.118454
18252.7,0.11783
18259,0.119117
18265.3,0.117722
18271.6,0.119661
18277.8,0.119363
18284.1,0.117846
18290.4,0.119026
18296.7,0.118302
18303,0.119629
18309.3,0.117544
18315.5,0.117916
18321.8,0.118098
18328.1,0.118437
18334.4,0.118256
18340.7,0.118789
18347,0.117997
18353.2,0.119667
18359.5,0.11659
18365.8,0.119175
18372.1,0.119122
18378.4,0.116674
18384.7,0.118925
18390.9,0.116185
18397.2,0.120994
18403.5,0.118126
18409.8,0.116379
18416.1,0.118573
18422.3,0.117613
18428.6,0.115528
18434.9,0.117793
18441.2,0.11782
18447.5,0.117364
18453.8,0.119132
18460,0.115525
18466.3,0.119338
18472.6,0.114368
18478.9,0.119719
18485.2,0.116455
18491.5,0.117155
18497.7,0.11704
18504,0.116756
18510.3,0.118244
18516.6,0.11688
18522.9,0.117061
18529.2,0.117422
18535.4,0.116681
18541.7,0.117416
18548,0.116964
18554.3,0.116643
18560.6,0.117933
18566.9,0.115571
18573.1,0.117481
18579.4,0.116763
18585.7,0.116175
18592,0.116785
18598.3,0.116082
18604.6,0.118193
18610.8,0.11691
18617.1,0.116755
18623.4,0.117191
18629.7,0.116237
18636,0.116821
18642.3,0.118308
18648.5,0.114759
18654.8,0.118579
18661.1,0.115392
18667.4,0.116042
18673.7,0.119808
18680,0.110604
18686.2,0.124274
18692.5,0.107684
18698.8,0.124787
18705.1,0.108657
18711.4,0.121277
18717.7,0.113814
18723.9,0.116605
18730.2,0.117078
18736.5,0.114884
18742.8,0.116103
18749.1,0.115673
18755.4,0.11642
18761.6,0.115367
18767.9,0.116283
18774.2,0.116373
18780.5,0.115773
18786.8,0.115086
18793.1,0.116316
18799.3,0.115817
18805.6,0.115461
18811.9,0.114977
18818.2,0.115188
18824.5,0.115292
18830.8,0.115538
18837,0.115261
18843.3,0.115208
18849.6,0.115885
18855.9,0.11461
18862.2,0.11554
18868.5,0.115944
18874.7,0.115732
18881,0.115409
18887.3,0.115871
18893.6,0.115043
18899.9,0.119841
18906.2,0.112291
18912.4,0.114611
18918.7,0.113953
18925,0.115535
18931.3,0.114915
18937.6,0.114476
18943.9,0.115631
18950.1,0.114154
18956.4,0.115854
18962.7,0.115958
18969,0.112893
18975.3,0.115442
18981.6,0.115894
18987.8,0.115619
18994.1,0.113362
19000.4,0.115093
19006.7,0.116018
19013,0.115437
19019.3,0.114325
19025.5,0.115777
19031.8,0.114037
19038.1,0.116126
19044.4,0.113858
19050.7,0.114802
19057,0.115875
19063.2,0.113286
19069.5,0.115424
19075.8,0.114179
19082.1,0.114026
19088.4,0.115721
19094.7,0.113008
19100.9,0.114836
19107.2,0.115546
19113.5,0.112271
19119.8,0.115104
19126.1,0.114013
19132.4,0.115044
19138.6,0.114842
19144.9,0.112731
19151.2,0.114905
19157.5,0.115186
19163.8,0.109875
19170.1,0.123444
19176.3,0.10307
19182.6,0.128902
19188.9,0.101692
19195.2,0.127305
19201.5,0.10526
19207.8,0.117443
19214,0.113248
19220.3,0.111487
19226.6,0.1167
19232.9,0.110871
19239.2,0.115112
19245.4,0.11426
19251.7,0.111688
19258,0.116254
19264.3,0.111701
19270.6,0.114738
19276.9,0.113123
19283.1,0.113241
19289.4,0.114367
19295.7,0.111538
19302,0.115221
19308.3,0.113366
19314.6,0.11323
19320.8,0.114225
19327.1,0.113777
19333.4,0.113283
19339.7,0.113562
19346,0.112681
19352.3,0.113799
19358.5,0.112742
19364.8,0.114233
19371.1,0.112966
19377.4,0.113562
19383.7,0.113514
19390,0.11228
19396.2,0.116231
19402.5,0.110024
19408.8,0.115621
19415.1,0.109641
19421.4,0.11635
19427.7,0.11252
19433.9,0.113109
19440.2,0.114039
19446.5,0.111822
19452.8,0.112851
19459.1,0.111544
19465.4,0.11451
19471.6,0.111274
19477.9,0.114693
19484.2,0.112615
19490.5,0.111672
19496.8,0.113055
19503.1,0.112456
19509.3,0.113292
19515.6,0.113272
19521.9,0.111904
19528.2,0.113902
19534.5,0.113599
19540.8,0.11157
19547,0.112993
19553.3,0.11163
19559.6,0.112861
19565.9,0.112216
19572.2,0.112445
19578.5,0.1128
19584.7,0.11347
19591,0.111216
19597.3,0.114127
19603.6,0.111126
19609.9,0.112874
19616.2,0.111494
19622.4,0.112235
19628.7,0.113166
19635,0.111936
19641.3,0.111975
19647.6,0.110438
19653.9,0.112612
19660.1,0.112194
19666.4,0.110361
19672.7,0.113968
19679,0.111554
19685.3,0.11115
19691.6,0.111604
19697.8,0.110388
19704.1,0.112205
19710.4,0.114996
19716.7,0.110049
19723,0.11476
19729.3,0.109558
19735.5,0.112941
19741.8,0.112638
19748.1,0.110493
19754.4,0.113163
19760.7,0.110705
19767,0.112005
19773.2,0.112703
19779.5,0.110708
19785.8,0.112784
19792.1,0.111118
19798.4,0.109855
19804.7,0.114229
19810.9,0.110317
19817.2,0.113791
19823.5,0.110789
19829.8,0.111491
19836.1,0.112977
19842.4,0.109909
19848.6,0.112829
19854.9,0.111917
19861.2,0.11003
19867.5,0.113112
19873.8,0.110165
19880.1,0.111056
19886.3,0.112681
19892.6,0.107251
19898.9,0.113679
19905.2,0.112161
19911.5,0.110514
19917.8,0.116927
19924,0.102787
19930.3,0.123441
19936.6,0.0980112
19942.9,0.124293
19949.2,0.101291
19955.5,0.118105
19961.7,0.107696
19968,0.112473
19974.3,0.112204
19980.6,0.109884
19986.9,0.11296
19993.2,0.1098
19999.4,0.110898
20005.7,0.1121
20012,0.11129
20018.3,0.110702
20024.6,0.111479
20030.8,0.110807
20037.1,0.111324
20043.4,0.110668
20049.7,0.111453
20056,0.110848
20062.3,0.111244
20068.5,0.110453
20074.8,0.110887
20081.1,0.111387
20087.4,0.110237
20093.7,0.110389
20100,0.110742
20106.2,0.112091
20112.5,0.11023
20118.8,0.110682
20125.1,0.110824
20131.4,0.112137
20137.7,0.109523
20143.9,0.110426
20150.2,0.110439
20156.5,0.114829
20162.8,0.107581
20169.1,0.111969
20175.4,0.110648
20181.6,0.109276
20187.9,0.111609
20194.2,0.107316
20200.5,0.110899
20206.8,0.111424
20213.1,0.111444
20219.3,0.113247
20225.6,0.106628
20231.9,0.111077
20238.2,0.112454
20244.5,0.109734
20250.8,0.1126
20257,0.11
20263.3,0.110039
20269.6,0.113295
20275.9,0.106742
20282.2,0.112406
20288.5,0.109062
20294.7,0.108238
20301,0.113137
20307.3,0.108089
20313.6,0.113131
20319.9,0.110084
20326.2,0.108756
20332.4,0.113532
20338.7,0.108507
20345,0.111641
20351.3,0.110771
20357.6,0.107136
20363.9,0.114305
20370.1,0.107845
20376.4,0.109528
20382.7,0.115701
20389,0.10518
20395.3,0.111047
20401.6,0.115235
20407.8,0.098785
20414.1,0.141196
20420.4,0.0902347
20426.7,0.161192
20433,0.0857246
20439.3,0.15121
20445.5,0.0891894
20451.8,0.123542
20458.1,0.108272
20464.4,0.104288
20470.7,0.120142
20477,0.101131
20483.2,0.115099
20489.5,0.109115
20495.8,0.106638
20502.1,0.116705
20508.4,0.104414
20514.7,0.114664
20520.9,0.108339
20527.2,0.108873
20533.5,0.112879
20539.8,0.107055
20546.1,0.111771
20552.4,0.10944
20558.6,0.109441
20564.9,0.111596
20571.2,0.108073
20577.5,0.111245
20583.8,0.110513
20590.1,0.108247
20596.3,0.113079
20602.6,0.106833
20608.9,0.110736
20615.2,0.109393
20621.5,0.108323
20627.8,0.112164
20634,0.107472
20640.3,0.110746
20646.6,0.108425
20652.9,0.110962
20659.2,0.109169
20665.5,0.110296
20671.7,0.107284
20678,0.111322
20684.3,0.10809
20690.6,0.109383
20696.9,0.11382
20703.2,0.105785
20709.4,0.111979
20715.7,0.107416
20722,0.108755
20728.3,0.109366
20734.6,0.109812
20740.9,0.110839
20747.1,0.109173
20753.4,0.108703
20759.7,0.110182
20766,0.109456
20772.3,0.109982
20778.6,0.108966
20784.8,0.109715
20791.1,0.110621
20797.4,0.108976
20803.7,0.109834
20810,0.109326
20816.2,0.109636
20822.5,0.108986
20828.8,0.108668
20835.1,0.109751
20841.4,0.110649
20847.7,0.107554
20853.9,0.110248
20860.2,0.109187
20866.5,0.108852
20872.8,0.110495
20879.1,0.107436
20885.4,0.109898
20891.6,0.108472
20897.9,0.106249
20904.2,0.110327
20910.5,0.109955
20916.8,0.110488
20923.1,0.109953
20929.3,0.109725
20935.6,0.107625
20941.9,0.110364
20948.2,0.108173
20954.5,0.111421
20960.8,0.105897
20967,0.112046
20973.3,0.106782
20979.6,0.110721
20985.9,0.108902
20992.2,0.109321
20998.5,0.111907
21004.7,0.104777
21011,0.109839
21017.3,0.1079
21023.6,0.107957
21029.9,0.109601
21036.2,0.107139
21042.4,0.109167
21048.7,0.109499
21055,0.106848
21061.3,0.110584
21067.6,0.108102
21073.9,0.109021
21080.1,0.10938
21086.4,0.10774
21092.7,0.109476
21099,0.108619
21105.3,0.108549
21111.6,0.110824
21117.8,0.107496
21124.1,0.109236
21130.4,0.111093
21136.7,0.1049
21143,0.113568
21149.3,0.105986
21155.5,0.10784
21161.8,0.115915
21168.1,0.0944193
21174.4,0.128889
21180.7,0.0852354
21187,0.132575
21193.2,0.0880183
21199.5,0.123492
21205.8,0.100987
21212.1,0.109368
21218.4,0.112023
21224.7,0.104129
21230.9,0.112728
21237.2,0.107671
21243.5,0.108632
21249.8,0.109156
21256.1,0.106176
21262.4,0.110445
21268.6,0.108499
21274.9,0.106802
21281.2,0.110386
21287.5,0.10704
21293.8,0.109074
21300.1,0.109235
21306.3,0.108148
21312.6,0.109992
21318.9,0.107988
21325.2,0.108034
21331.5,0.109684
21337.8,0.107669
21344,0.108682
21350.3,0.108565
21356.6,0.108649
21362.9,0.11101
21369.2,0.106563
21375.5,0.108679
21381.7,0.106662
21388,0.11098
21394.3,0.106615
21400.6,0.108437
21406.9,0.110714
21413.2,0.10956
21419.4,0.10704
21425.7,0.108791
21432,0.107142
21438.3,0.109122
21444.6,0.109807
21450.9,0.10881
21457.1,0.107908
21463.4,0.107258
21469.7,0.110746
21476,0.109139
21482.3,0.105505
21488.6,0.110742
21494.8,0.108945
21501.1,0.109066
21507.4,0.108087
21513.7,0.105847
21520,0.110538
21526.3,0.107422
21532.5,0.107712
21538.8,0.110405
21545.1,0.105206
21551.4,0.110318
21557.7,0.10748
21564,0.107878
21570.2,0.111435
21576.5,0.104889
21582.8,0.109778
21589.1,0.108116
21595.4,0.107248
21601.7,0.111744
21607.9,0.104929
21614.2,0.108666
21620.5,0.112117
21626.8,0.101909
21633.1,0.116032
21639.3,0.105535
21645.6,0.104535
21651.9,0.126099
21658.2,0.0920448
21664.5,0.153545
21670.8,0.089034
21677,0.159287
21683.3,0.0853064
21689.6,0.136813
21695.9,0.0943091
21702.2,0.112674
21708.5,0.11424
21714.7,0.0998734
21721,0.118316
21727.3,0.101526
21733.6,0.111473
21739.9,0.108662
21746.2,0.10479
21752.4,0.113183
21758.7,0.104704
21765,0.110247
21771.3,0.10955
21777.6,0.105489
21783.9,0.111646
21790.1,0.106345
21796.4,0.10918
21802.7,0.109196
21809,0.106299
21815.3,0.110899
21821.6,0.106048
21827.8,0.109513
21834.1,0.109673
21840.4,0.106738
21846.7,0.109792
21853,0.107484
21859.3,0.10726
21865.5,0.110309
21871.8,0.105226
21878.1,0.109487
21884.4,0.109333
21890.7,0.106089
21897,0.113833
21903.2,0.103213
21909.5,0.112814
21915.8,0.106385
21922.1,0.106162
21928.4,0.111384
21934.7,0.105213
21940.9,0.111064
21947.2,0.107354
21953.5,0.107936
21959.8,0.106952
21966.1,0.10789
21972.4,0.109088
21978.6,0.108266
21984.9,0.107528
21991.2,0.110368
21997.5,0.106824
22003.8,0.109589
22010.1,0.107557
22016.3,0.107282
22022.6,0.110804
22028.9,0.105412
22035.2,0.109851
22041.5,0.108973
22047.8,0.107201
